Brain Tumor Segmentation Results
Date: 2025-07-15 10:08:49
Image Size: 256
Epochs: 80



============================================================
| U-NET RESULTS
| Generated at: 2025-07-15 11:30:38
============================================================

Final Validation Metrics:
+-----------------+----------+----------+-----------------+
| Metric          | Value    | Metric   | Value           |
+-----------------+----------+----------+-----------------+
| Dice            | 0.841801 | Precision | 0.869072 |
| Recall          | 0.816188 | LesionRec | 0.956522 |
+-----------------+----------+----------+-----------------+

Epoch-wise Performance:
+-------+------------+------------+------------+------------+------------+------------+
| Epoch | Train Loss | Train Dice | Val Loss   | Val Dice   | Val Prec   | Val Rec    |
+-------+------------+------------+------------+------------+------------+------------+
|     1 |   0.690212 |   0.143513 |   0.665254 |   0.339237 |   0.244052 |   0.556142 |
|     2 |   0.657517 |   0.389476 |   0.660961 |   0.309370 |   0.203483 |   0.645021 |
|     3 |   0.644255 |   0.433498 |   0.631450 |   0.503503 |   0.373692 |   0.771504 |
|     4 |   0.626676 |   0.495713 |   0.614348 |   0.580846 |   0.463230 |   0.778515 |
|     5 |   0.609520 |   0.538432 |   0.601136 |   0.632894 |   0.558477 |   0.730192 |
|     6 |   0.590666 |   0.558129 |   0.581786 |   0.577388 |   0.448942 |   0.808791 |
|     7 |   0.568489 |   0.577663 |   0.548273 |   0.636370 |   0.521625 |   0.815836 |
|     8 |   0.542639 |   0.607912 |   0.527720 |   0.629088 |   0.500071 |   0.847822 |
|     9 |   0.512516 |   0.638501 |   0.505493 |   0.640278 |   0.531603 |   0.804805 |
|    10 |   0.480431 |   0.661940 |   0.503434 |   0.647886 |   0.685437 |   0.614236 |
|    11 |   0.446599 |   0.682458 |   0.429750 |   0.698348 |   0.621503 |   0.796879 |
|    12 |   0.411290 |   0.703286 |   0.388102 |   0.708340 |   0.610058 |   0.844371 |
|    13 |   0.372157 |   0.728088 |   0.377588 |   0.665915 |   0.535932 |   0.879137 |
|    14 |   0.345941 |   0.730918 |   0.330304 |   0.746794 |   0.724521 |   0.770480 |
|    15 |   0.315772 |   0.747849 |   0.302795 |   0.752848 |   0.711699 |   0.799048 |
|    16 |   0.290407 |   0.757056 |   0.278959 |   0.755901 |   0.708087 |   0.810641 |
|    17 |   0.270965 |   0.763903 |   0.276043 |   0.726955 |   0.628971 |   0.861102 |
|    18 |   0.252175 |   0.770724 |   0.274746 |   0.735799 |   0.863951 |   0.640755 |
|    19 |   0.240907 |   0.772880 |   0.248649 |   0.750601 |   0.691108 |   0.821301 |
|    20 |   0.225323 |   0.780355 |   0.228577 |   0.765518 |   0.704929 |   0.837501 |
|    21 |   0.216526 |   0.784439 |   0.222519 |   0.764500 |   0.715699 |   0.820442 |
|    22 |   0.203325 |   0.793787 |   0.204842 |   0.787276 |   0.779808 |   0.794887 |
|    23 |   0.197180 |   0.794907 |   0.202526 |   0.787290 |   0.839132 |   0.741482 |
|    24 |   0.189970 |   0.798238 |   0.195036 |   0.787164 |   0.790461 |   0.783894 |
|    25 |   0.184425 |   0.801059 |   0.185412 |   0.796225 |   0.789680 |   0.802880 |
|    26 |   0.180598 |   0.800886 |   0.184735 |   0.794350 |   0.777319 |   0.812144 |
|    27 |   0.178911 |   0.799000 |   0.180056 |   0.797693 |   0.837713 |   0.761323 |
|    28 |   0.173011 |   0.804615 |   0.169647 |   0.806594 |   0.804993 |   0.808202 |
|    29 |   0.162446 |   0.815156 |   0.183985 |   0.781075 |   0.722362 |   0.850176 |
|    30 |   0.160525 |   0.816195 |   0.173642 |   0.793543 |   0.758498 |   0.831983 |
|    31 |   0.161724 |   0.811628 |   0.165639 |   0.806005 |   0.827878 |   0.785259 |
|    32 |   0.156342 |   0.816704 |   0.163815 |   0.804666 |   0.818785 |   0.791025 |
|    33 |   0.164918 |   0.804011 |   0.166317 |   0.800700 |   0.816815 |   0.785208 |
|    34 |   0.152280 |   0.818855 |   0.179263 |   0.784974 |   0.880663 |   0.708041 |
|    35 |   0.142919 |   0.830000 |   0.147886 |   0.822314 |   0.816670 |   0.828037 |
|    36 |   0.134273 |   0.840679 |   0.153035 |   0.814840 |   0.825008 |   0.804919 |
|    37 |   0.137444 |   0.836785 |   0.145757 |   0.823945 |   0.822197 |   0.825701 |
|    38 |   0.131325 |   0.843073 |   0.144113 |   0.826891 |   0.848853 |   0.806036 |
|    39 |   0.127561 |   0.848588 |   0.149841 |   0.817386 |   0.801429 |   0.833992 |
|    40 |   0.127026 |   0.848518 |   0.141540 |   0.828304 |   0.862503 |   0.796714 |
|    41 |   0.126107 |   0.849408 |   0.143801 |   0.824293 |   0.819963 |   0.828669 |
|    42 |   0.124998 |   0.850553 |   0.140023 |   0.830109 |   0.868300 |   0.795136 |
|    43 |   0.123139 |   0.852279 |   0.145339 |   0.822176 |   0.827886 |   0.816545 |
|    44 |   0.124698 |   0.849920 |   0.140378 |   0.828601 |   0.863316 |   0.796570 |
|    45 |   0.123952 |   0.849255 |   0.139794 |   0.828343 |   0.880191 |   0.782263 |
|    46 |   0.121916 |   0.852122 |   0.140177 |   0.827206 |   0.833243 |   0.821257 |
|    47 |   0.123786 |   0.850074 |   0.141175 |   0.825018 |   0.866940 |   0.786963 |
|    48 |   0.118301 |   0.855778 |   0.141099 |   0.825954 |   0.842671 |   0.809887 |
|    49 |   0.114951 |   0.861774 |   0.134604 |   0.833545 |   0.852823 |   0.815120 |
|    50 |   0.112033 |   0.864457 |   0.135388 |   0.832803 |   0.865808 |   0.802222 |
|    51 |   0.112005 |   0.863936 |   0.135673 |   0.831445 |   0.847781 |   0.815727 |
|    52 |   0.110728 |   0.865712 |   0.133798 |   0.833019 |   0.864227 |   0.803987 |
|    53 |   0.109278 |   0.866985 |   0.135166 |   0.833368 |   0.862990 |   0.805712 |
|    54 |   0.108848 |   0.867155 |   0.133180 |   0.836104 |   0.848126 |   0.824419 |
|    55 |   0.108107 |   0.868174 |   0.132402 |   0.836826 |   0.864949 |   0.810474 |
|    56 |   0.109263 |   0.866523 |   0.136027 |   0.830940 |   0.856517 |   0.806847 |
|    57 |   0.108721 |   0.866567 |   0.133026 |   0.835071 |   0.850342 |   0.820340 |
|    58 |   0.106928 |   0.869237 |   0.134036 |   0.832974 |   0.844918 |   0.821363 |
|    59 |   0.105066 |   0.870739 |   0.134056 |   0.832289 |   0.841157 |   0.823607 |
|    60 |   0.105322 |   0.870742 |   0.130952 |   0.836508 |   0.885767 |   0.792439 |
|    61 |   0.104965 |   0.871319 |   0.131372 |   0.835330 |   0.859495 |   0.812487 |
|    62 |   0.102575 |   0.874574 |   0.128541 |   0.839934 |   0.869125 |   0.812640 |
|    63 |   0.100314 |   0.877576 |   0.127832 |   0.839670 |   0.871723 |   0.809891 |
|    64 |   0.099584 |   0.877270 |   0.128937 |   0.839232 |   0.859873 |   0.819558 |
|    65 |   0.099881 |   0.877155 |   0.127048 |   0.840737 |   0.856531 |   0.825515 |
|    66 |   0.100104 |   0.878028 |   0.127211 |   0.839743 |   0.860024 |   0.820396 |
|    67 |   0.098108 |   0.879276 |   0.128622 |   0.837863 |   0.857469 |   0.819134 |
|    68 |   0.099812 |   0.876856 |   0.126572 |   0.840377 |   0.866757 |   0.815556 |
|    69 |   0.097330 |   0.880068 |   0.129805 |   0.837178 |   0.881232 |   0.797319 |
|    70 |   0.097595 |   0.879817 |   0.127849 |   0.838969 |   0.854097 |   0.824367 |
|    71 |   0.097412 |   0.879885 |   0.126980 |   0.840366 |   0.877510 |   0.806238 |
|    72 |   0.097068 |   0.880666 |   0.127157 |   0.839834 |   0.870528 |   0.811231 |
|    73 |   0.093879 |   0.884749 |   0.125632 |   0.841968 |   0.865873 |   0.819347 |
|    74 |   0.092359 |   0.886791 |   0.126904 |   0.840824 |   0.869527 |   0.813955 |
|    75 |   0.095403 |   0.883453 |   0.126565 |   0.841242 |   0.861083 |   0.822294 |
|    76 |   0.093395 |   0.884861 |   0.126109 |   0.841711 |   0.868927 |   0.816148 |
|    77 |   0.092385 |   0.886405 |   0.125803 |   0.842374 |   0.870670 |   0.815859 |
|    78 |   0.094331 |   0.883472 |   0.125971 |   0.841283 |   0.853384 |   0.829520 |
|    79 |   0.092151 |   0.886677 |   0.126083 |   0.841259 |   0.868569 |   0.815615 |
|    80 |   0.094405 |   0.883631 |   0.126090 |   0.841801 |   0.869072 |   0.816188 |
+-------+------------+------------+------------+------------+------------+------------+

Best Performance Summary:
- Best Dice: 0.8424 at epoch 77
- Corresponding Precision: 0.8707
- Corresponding Recall: 0.8159
- Lesion Recall: 0.9435

============================================================



============================================================
| SEMANTICFPN RESULTS
| Generated at: 2025-07-15 12:04:49
============================================================

Final Validation Metrics:
+-----------------+----------+----------+-----------------+
| Metric          | Value    | Metric   | Value           |
+-----------------+----------+----------+-----------------+
| Dice            | 0.863796 | Precision | 0.895585 |
| Recall          | 0.834185 | LesionRec | 0.976087 |
+-----------------+----------+----------+-----------------+

Epoch-wise Performance:
+-------+------------+------------+------------+------------+------------+------------+
| Epoch | Train Loss | Train Dice | Val Loss   | Val Dice   | Val Prec   | Val Rec    |
+-------+------------+------------+------------+------------+------------+------------+
|     1 |   0.682797 |   0.202492 |   0.657746 |   0.583557 |   0.444313 |   0.849916 |
|     2 |   0.649360 |   0.583087 |   0.639949 |   0.605747 |   0.447858 |   0.935576 |
|     3 |   0.636952 |   0.642211 |   0.628472 |   0.681284 |   0.540733 |   0.920564 |
|     4 |   0.625278 |   0.687012 |   0.617619 |   0.660776 |   0.507358 |   0.947195 |
|     5 |   0.612799 |   0.712576 |   0.605307 |   0.737873 |   0.623075 |   0.904528 |
|     6 |   0.599623 |   0.736356 |   0.596563 |   0.655230 |   0.497097 |   0.960906 |
|     7 |   0.583675 |   0.746029 |   0.578679 |   0.697667 |   0.549764 |   0.954443 |
|     8 |   0.562962 |   0.772277 |   0.556746 |   0.808033 |   0.747621 |   0.879066 |
|     9 |   0.540471 |   0.788163 |   0.533796 |   0.733037 |   0.597693 |   0.947618 |
|    10 |   0.512722 |   0.797851 |   0.504731 |   0.769894 |   0.679949 |   0.887263 |
|    11 |   0.482074 |   0.807412 |   0.470897 |   0.780903 |   0.678773 |   0.919211 |
|    12 |   0.443867 |   0.829483 |   0.434680 |   0.781138 |   0.677231 |   0.922707 |
|    13 |   0.405300 |   0.838510 |   0.388555 |   0.804734 |   0.715760 |   0.918969 |
|    14 |   0.368630 |   0.846424 |   0.360863 |   0.809861 |   0.736144 |   0.899985 |
|    15 |   0.328063 |   0.859868 |   0.319681 |   0.824433 |   0.783392 |   0.870011 |
|    16 |   0.297392 |   0.862105 |   0.288469 |   0.838193 |   0.846317 |   0.830224 |
|    17 |   0.264569 |   0.874015 |   0.261447 |   0.841476 |   0.853149 |   0.830118 |
|    18 |   0.237967 |   0.877011 |   0.242819 |   0.837885 |   0.858090 |   0.818610 |
|    19 |   0.219382 |   0.875003 |   0.223007 |   0.838669 |   0.799535 |   0.881831 |
|    20 |   0.195678 |   0.883723 |   0.199525 |   0.852113 |   0.836350 |   0.868481 |
|    21 |   0.176809 |   0.892996 |   0.185952 |   0.856806 |   0.866817 |   0.847023 |
|    22 |   0.164608 |   0.895271 |   0.173506 |   0.856524 |   0.848041 |   0.865179 |
|    23 |   0.150958 |   0.898661 |   0.162581 |   0.860774 |   0.852905 |   0.868789 |
|    24 |   0.145851 |   0.893217 |   0.167581 |   0.848467 |   0.895493 |   0.806133 |
|    25 |   0.137662 |   0.896833 |   0.159075 |   0.848205 |   0.837073 |   0.859638 |
|    26 |   0.126248 |   0.901650 |   0.153119 |   0.849436 |   0.869532 |   0.830248 |
|    27 |   0.122696 |   0.901218 |   0.146495 |   0.854475 |   0.867954 |   0.841408 |
|    28 |   0.112547 |   0.907586 |   0.146373 |   0.847753 |   0.873888 |   0.823136 |
|    29 |   0.107162 |   0.910791 |   0.136804 |   0.855658 |   0.883868 |   0.829193 |
|    30 |   0.101028 |   0.914992 |   0.135004 |   0.858376 |   0.860169 |   0.856590 |
|    31 |   0.097577 |   0.917705 |   0.133711 |   0.857599 |   0.874538 |   0.841303 |
|    32 |   0.094525 |   0.919785 |   0.130941 |   0.860143 |   0.877335 |   0.843613 |
|    33 |   0.093316 |   0.919476 |   0.132641 |   0.856966 |   0.880883 |   0.834313 |
|    34 |   0.089532 |   0.923849 |   0.130264 |   0.857985 |   0.863544 |   0.852497 |
|    35 |   0.087588 |   0.923790 |   0.127303 |   0.860842 |   0.878958 |   0.843457 |
|    36 |   0.085880 |   0.925259 |   0.125110 |   0.862307 |   0.888072 |   0.837995 |
|    37 |   0.082515 |   0.927930 |   0.124076 |   0.862397 |   0.880082 |   0.845408 |
|    38 |   0.081934 |   0.927969 |   0.123478 |   0.862431 |   0.877931 |   0.847469 |
|    39 |   0.080674 |   0.929340 |   0.124802 |   0.860642 |   0.880563 |   0.841602 |
|    40 |   0.080361 |   0.928529 |   0.122085 |   0.863656 |   0.881558 |   0.846467 |
|    41 |   0.077398 |   0.931677 |   0.121612 |   0.863304 |   0.895136 |   0.833658 |
|    42 |   0.077945 |   0.930590 |   0.120821 |   0.864089 |   0.877501 |   0.851081 |
|    43 |   0.076234 |   0.931937 |   0.122074 |   0.861062 |   0.883834 |   0.839434 |
|    44 |   0.075621 |   0.932075 |   0.121587 |   0.861331 |   0.885760 |   0.838215 |
|    45 |   0.074716 |   0.931884 |   0.121546 |   0.860903 |   0.885353 |   0.837767 |
|    46 |   0.073001 |   0.933738 |   0.119953 |   0.862482 |   0.893702 |   0.833369 |
|    47 |   0.071629 |   0.934990 |   0.119787 |   0.862790 |   0.891809 |   0.835601 |
|    48 |   0.072812 |   0.933011 |   0.119844 |   0.862042 |   0.896563 |   0.830081 |
|    49 |   0.070208 |   0.935578 |   0.117778 |   0.864268 |   0.887667 |   0.842071 |
|    50 |   0.071256 |   0.934256 |   0.118904 |   0.862161 |   0.889523 |   0.836433 |
|    51 |   0.069460 |   0.935421 |   0.116656 |   0.865153 |   0.888084 |   0.843376 |
|    52 |   0.067794 |   0.937967 |   0.118572 |   0.862121 |   0.899020 |   0.828132 |
|    53 |   0.067943 |   0.936853 |   0.117252 |   0.863715 |   0.893218 |   0.836099 |
|    54 |   0.067182 |   0.937893 |   0.117546 |   0.862814 |   0.897080 |   0.831070 |
|    55 |   0.067107 |   0.937835 |   0.116343 |   0.863873 |   0.893342 |   0.836287 |
|    56 |   0.066512 |   0.938034 |   0.116692 |   0.863701 |   0.891718 |   0.837391 |
|    57 |   0.066720 |   0.937737 |   0.116441 |   0.863525 |   0.892033 |   0.836782 |
|    58 |   0.065312 |   0.939629 |   0.116084 |   0.864163 |   0.893162 |   0.836987 |
|    59 |   0.065624 |   0.939018 |   0.115986 |   0.864263 |   0.891034 |   0.839054 |
|    60 |   0.066222 |   0.937983 |   0.116317 |   0.863425 |   0.896269 |   0.832904 |
|    61 |   0.065053 |   0.939256 |   0.116902 |   0.862356 |   0.897550 |   0.829817 |
|    62 |   0.064317 |   0.939572 |   0.115863 |   0.863730 |   0.895170 |   0.834424 |
|    63 |   0.063540 |   0.940654 |   0.115683 |   0.863860 |   0.893003 |   0.836559 |
|    64 |   0.063450 |   0.940628 |   0.115861 |   0.863526 |   0.897098 |   0.832376 |
|    65 |   0.063158 |   0.941365 |   0.115995 |   0.863215 |   0.897605 |   0.831362 |
|    66 |   0.063534 |   0.939996 |   0.115480 |   0.864106 |   0.892577 |   0.837394 |
|    67 |   0.063126 |   0.940866 |   0.114966 |   0.864743 |   0.892087 |   0.839025 |
|    68 |   0.063242 |   0.940473 |   0.115423 |   0.863942 |   0.894361 |   0.835523 |
|    69 |   0.063462 |   0.940577 |   0.115216 |   0.863917 |   0.895032 |   0.834893 |
|    70 |   0.062801 |   0.940760 |   0.115046 |   0.864262 |   0.893083 |   0.837243 |
|    71 |   0.062796 |   0.941601 |   0.115181 |   0.863880 |   0.896314 |   0.833710 |
|    72 |   0.063245 |   0.940889 |   0.115110 |   0.864055 |   0.894877 |   0.835285 |
|    73 |   0.063174 |   0.940542 |   0.114839 |   0.864432 |   0.893309 |   0.837363 |
|    74 |   0.062287 |   0.941864 |   0.115025 |   0.864076 |   0.893893 |   0.836185 |
|    75 |   0.062407 |   0.941472 |   0.114937 |   0.864253 |   0.893328 |   0.837010 |
|    76 |   0.062435 |   0.941182 |   0.115143 |   0.863821 |   0.893682 |   0.835892 |
|    77 |   0.062223 |   0.941755 |   0.114871 |   0.864268 |   0.894272 |   0.836212 |
|    78 |   0.062600 |   0.941033 |   0.114632 |   0.864652 |   0.894618 |   0.836629 |
|    79 |   0.062580 |   0.941592 |   0.114895 |   0.864154 |   0.895448 |   0.834973 |
|    80 |   0.062595 |   0.940567 |   0.115054 |   0.863796 |   0.895585 |   0.834185 |
+-------+------------+------------+------------+------------+------------+------------+

Best Performance Summary:
- Best Dice: 0.8652 at epoch 51
- Corresponding Precision: 0.8881
- Corresponding Recall: 0.8434
- Lesion Recall: 0.9761

============================================================



===== Final Test Results =====

U-Net:
  Dice: 0.8406
  Precision: 0.8675
  Recall: 0.8152
  Lesion Recall: 0.9522


================================================================================
INFERENCE TIME COMPARISON
Tested on 100 images
================================================================================

+--------------+----------------+----------------+----------------+
| Model        | Avg Time (ms)  | FPS            | Total Time (s) |
+--------------+----------------+----------------+----------------+
| U-Net        |          6.428 |         155.58 |          0.643 |
+--------------+----------------+----------------+----------------+

Fastest model: U-Net (6.43 ms/image)

SemanticFPN:
  Dice: 0.8620
  Precision: 0.8879
  Recall: 0.8376
  Lesion Recall: 0.9739


================================================================================
INFERENCE TIME COMPARISON
Tested on 100 images
================================================================================

+--------------+----------------+----------------+----------------+
| Model        | Avg Time (ms)  | FPS            | Total Time (s) |
+--------------+----------------+----------------+----------------+
| SemanticFPN  |         11.884 |          84.15 |          1.188 |
+--------------+----------------+----------------+----------------+

Fastest model: SemanticFPN (11.88 ms/image)
