Brain Tumor Segmentation Results
Date: 2025-07-15 14:20:35
Image Size: 256
Epochs: 80



============================================================
| U-NET RESULTS
| Generated at: 2025-07-15 15:42:25
============================================================

Final Validation Metrics:
+-----------------+----------+----------+-----------------+
| Metric          | Value    | Metric   | Value           |
+-----------------+----------+----------+-----------------+
| Dice            | 0.837038 | Precision | 0.845640 |
| Recall          | 0.828609 | LesionRec | 0.945652 |
+-----------------+----------+----------+-----------------+

Epoch-wise Performance:
+-------+------------+------------+------------+------------+------------+------------+
| Epoch | Train Loss | Train Dice | Val Loss   | Val Dice   | Val Prec   | Val Rec    |
+-------+------------+------------+------------+------------+------------+------------+
|     1 |   0.693331 |   0.119578 |   0.678432 |   0.264991 |   0.177861 |   0.519464 |
|     2 |   0.666038 |   0.345347 |   0.652826 |   0.479605 |   0.376049 |   0.661870 |
|     3 |   0.652546 |   0.410442 |   0.645361 |   0.569126 |   0.601110 |   0.540373 |
|     4 |   0.638744 |   0.452705 |   0.637281 |   0.405335 |   0.276137 |   0.761732 |
|     5 |   0.625231 |   0.484183 |   0.612101 |   0.542924 |   0.407922 |   0.811483 |
|     6 |   0.607514 |   0.526514 |   0.593139 |   0.596351 |   0.465151 |   0.830640 |
|     7 |   0.587646 |   0.570388 |   0.571083 |   0.559233 |   0.406193 |   0.897308 |
|     8 |   0.563027 |   0.606187 |   0.543477 |   0.712235 |   0.656960 |   0.777667 |
|     9 |   0.540069 |   0.618111 |   0.508803 |   0.660741 |   0.535434 |   0.862619 |
|    10 |   0.507075 |   0.654588 |   0.489781 |   0.666739 |   0.559030 |   0.825859 |
|    11 |   0.476371 |   0.670670 |   0.459397 |   0.619805 |   0.483497 |   0.863144 |
|    12 |   0.441703 |   0.692555 |   0.407240 |   0.706189 |   0.607700 |   0.842777 |
|    13 |   0.407493 |   0.710503 |   0.402253 |   0.627761 |   0.480943 |   0.903605 |
|    14 |   0.370076 |   0.727356 |   0.354691 |   0.737381 |   0.709827 |   0.767161 |
|    15 |   0.334718 |   0.746406 |   0.334203 |   0.724096 |   0.728635 |   0.719612 |
|    16 |   0.315369 |   0.739662 |   0.295265 |   0.757541 |   0.704590 |   0.819097 |
|    17 |   0.286498 |   0.760419 |   0.276444 |   0.760500 |   0.778257 |   0.743536 |
|    18 |   0.268589 |   0.761629 |   0.301730 |   0.682886 |   0.562061 |   0.869885 |
|    19 |   0.253584 |   0.766633 |   0.245435 |   0.760124 |   0.698069 |   0.834287 |
|    20 |   0.237298 |   0.775155 |   0.239556 |   0.766606 |   0.774973 |   0.758417 |
|    21 |   0.228160 |   0.774779 |   0.247072 |   0.745392 |   0.774012 |   0.718812 |
|    22 |   0.218213 |   0.780389 |   0.207609 |   0.781673 |   0.748461 |   0.817968 |
|    23 |   0.205640 |   0.788796 |   0.221152 |   0.763306 |   0.857859 |   0.687528 |
|    24 |   0.195118 |   0.796281 |   0.214075 |   0.763581 |   0.765952 |   0.761225 |
|    25 |   0.196359 |   0.787089 |   0.202649 |   0.781208 |   0.800753 |   0.762593 |
|    26 |   0.188587 |   0.793637 |   0.188776 |   0.788136 |   0.788512 |   0.787760 |
|    27 |   0.175420 |   0.806140 |   0.195874 |   0.776944 |   0.786878 |   0.767257 |
|    28 |   0.173910 |   0.805843 |   0.193791 |   0.781163 |   0.824488 |   0.742164 |
|    29 |   0.170466 |   0.806397 |   0.177470 |   0.795285 |   0.838519 |   0.756291 |
|    30 |   0.171078 |   0.803362 |   0.179992 |   0.788483 |   0.741170 |   0.842248 |
|    31 |   0.164132 |   0.810614 |   0.180926 |   0.788747 |   0.752919 |   0.828155 |
|    32 |   0.161533 |   0.811104 |   0.188933 |   0.776604 |   0.871202 |   0.700538 |
|    33 |   0.164925 |   0.804926 |   0.194899 |   0.767053 |   0.825369 |   0.716433 |
|    34 |   0.158231 |   0.810921 |   0.169846 |   0.795937 |   0.813085 |   0.779498 |
|    35 |   0.151410 |   0.820499 |   0.171966 |   0.792090 |   0.766282 |   0.819698 |
|    36 |   0.146773 |   0.825797 |   0.172590 |   0.790336 |   0.823385 |   0.759838 |
|    37 |   0.145740 |   0.824272 |   0.171287 |   0.794948 |   0.844560 |   0.750840 |
|    38 |   0.147756 |   0.821338 |   0.162642 |   0.803534 |   0.816591 |   0.790888 |
|    39 |   0.145238 |   0.823639 |   0.158999 |   0.805217 |   0.835554 |   0.777006 |
|    40 |   0.146941 |   0.820921 |   0.163828 |   0.801269 |   0.804056 |   0.798502 |
|    41 |   0.137437 |   0.832039 |   0.153347 |   0.812554 |   0.804515 |   0.820755 |
|    42 |   0.137314 |   0.832454 |   0.154946 |   0.808986 |   0.802869 |   0.815198 |
|    43 |   0.137412 |   0.830298 |   0.157002 |   0.803210 |   0.792711 |   0.813991 |
|    44 |   0.136702 |   0.830800 |   0.155013 |   0.807465 |   0.836082 |   0.780742 |
|    45 |   0.134761 |   0.833645 |   0.152811 |   0.811114 |   0.803911 |   0.818448 |
|    46 |   0.132201 |   0.835337 |   0.155281 |   0.807640 |   0.819818 |   0.795819 |
|    47 |   0.131547 |   0.836885 |   0.156467 |   0.803426 |   0.784793 |   0.822965 |
|    48 |   0.120928 |   0.849948 |   0.148380 |   0.815127 |   0.821742 |   0.808618 |
|    49 |   0.117306 |   0.854685 |   0.144325 |   0.819321 |   0.818831 |   0.819812 |
|    50 |   0.114503 |   0.857292 |   0.156413 |   0.804482 |   0.854427 |   0.760053 |
|    51 |   0.115682 |   0.855919 |   0.145822 |   0.817762 |   0.811502 |   0.824120 |
|    52 |   0.117615 |   0.854202 |   0.147023 |   0.815926 |   0.804509 |   0.827672 |
|    53 |   0.110866 |   0.862023 |   0.141864 |   0.822046 |   0.849101 |   0.796662 |
|    54 |   0.111685 |   0.860747 |   0.148231 |   0.815204 |   0.817473 |   0.812947 |
|    55 |   0.116002 |   0.855487 |   0.137966 |   0.827002 |   0.846654 |   0.808242 |
|    56 |   0.111198 |   0.861425 |   0.147990 |   0.813857 |   0.804463 |   0.823473 |
|    57 |   0.110438 |   0.861532 |   0.142549 |   0.820942 |   0.830745 |   0.811368 |
|    58 |   0.111664 |   0.859190 |   0.139082 |   0.824275 |   0.822134 |   0.826428 |
|    59 |   0.107560 |   0.864607 |   0.140145 |   0.823033 |   0.865775 |   0.784312 |
|    60 |   0.107015 |   0.865807 |   0.141722 |   0.820743 |   0.811790 |   0.829896 |
|    61 |   0.113123 |   0.857347 |   0.146261 |   0.815561 |   0.824891 |   0.806439 |
|    62 |   0.104627 |   0.868137 |   0.135328 |   0.829664 |   0.842929 |   0.816811 |
|    63 |   0.100597 |   0.873181 |   0.139641 |   0.824245 |   0.850632 |   0.799445 |
|    64 |   0.103807 |   0.869780 |   0.133335 |   0.831393 |   0.842719 |   0.820368 |
|    65 |   0.099159 |   0.875853 |   0.137101 |   0.827643 |   0.837162 |   0.818339 |
|    66 |   0.099522 |   0.875286 |   0.140230 |   0.823322 |   0.837706 |   0.809424 |
|    67 |   0.097060 |   0.877943 |   0.137767 |   0.826264 |   0.846872 |   0.806634 |
|    68 |   0.098680 |   0.875784 |   0.134435 |   0.830580 |   0.827880 |   0.833299 |
|    69 |   0.096238 |   0.878420 |   0.132485 |   0.832011 |   0.840342 |   0.823844 |
|    70 |   0.097169 |   0.878028 |   0.135946 |   0.828597 |   0.826140 |   0.831069 |
|    71 |   0.096126 |   0.879248 |   0.134131 |   0.830268 |   0.843770 |   0.817191 |
|    72 |   0.095807 |   0.879102 |   0.134537 |   0.829618 |   0.841536 |   0.818034 |
|    73 |   0.093756 |   0.881771 |   0.136297 |   0.827352 |   0.829190 |   0.825522 |
|    74 |   0.094888 |   0.880481 |   0.133146 |   0.831713 |   0.839066 |   0.824487 |
|    75 |   0.093797 |   0.881081 |   0.135721 |   0.828177 |   0.843811 |   0.813112 |
|    76 |   0.093012 |   0.882995 |   0.133033 |   0.831395 |   0.852018 |   0.811746 |
|    77 |   0.093013 |   0.882713 |   0.131180 |   0.834230 |   0.848024 |   0.820878 |
|    78 |   0.090791 |   0.885656 |   0.131401 |   0.834056 |   0.829769 |   0.838388 |
|    79 |   0.089610 |   0.886853 |   0.129498 |   0.836294 |   0.852006 |   0.821150 |
|    80 |   0.090350 |   0.886899 |   0.128672 |   0.837038 |   0.845640 |   0.828609 |
+-------+------------+------------+------------+------------+------------+------------+

Best Performance Summary:
- Best Dice: 0.8370 at epoch 80
- Corresponding Precision: 0.8456
- Corresponding Recall: 0.8286
- Lesion Recall: 0.9457

============================================================



============================================================
| SEMANTICFPN RESULTS
| Generated at: 2025-07-15 16:15:58
============================================================

Final Validation Metrics:
+-----------------+----------+----------+-----------------+
| Metric          | Value    | Metric   | Value           |
+-----------------+----------+----------+-----------------+
| Dice            | 0.853821 | Precision | 0.876447 |
| Recall          | 0.832333 | LesionRec | 0.973913 |
+-----------------+----------+----------+-----------------+

Epoch-wise Performance:
+-------+------------+------------+------------+------------+------------+------------+
| Epoch | Train Loss | Train Dice | Val Loss   | Val Dice   | Val Prec   | Val Rec    |
+-------+------------+------------+------------+------------+------------+------------+
|     1 |   0.673514 |   0.276562 |   0.648791 |   0.472030 |   0.317819 |   0.916945 |
|     2 |   0.639295 |   0.580225 |   0.628425 |   0.603789 |   0.450627 |   0.914675 |
|     3 |   0.623058 |   0.655935 |   0.611577 |   0.660216 |   0.514694 |   0.920462 |
|     4 |   0.607707 |   0.689991 |   0.596812 |   0.707453 |   0.585004 |   0.894731 |
|     5 |   0.590909 |   0.720173 |   0.580423 |   0.677481 |   0.528233 |   0.944279 |
|     6 |   0.571062 |   0.743929 |   0.561409 |   0.724243 |   0.595536 |   0.923920 |
|     7 |   0.547053 |   0.757986 |   0.534726 |   0.714431 |   0.579817 |   0.930450 |
|     8 |   0.518463 |   0.777061 |   0.502550 |   0.752144 |   0.642143 |   0.907623 |
|     9 |   0.483663 |   0.802416 |   0.469446 |   0.775280 |   0.687817 |   0.888227 |
|    10 |   0.446566 |   0.815777 |   0.425846 |   0.791048 |   0.723208 |   0.872932 |
|    11 |   0.406649 |   0.820039 |   0.389768 |   0.822388 |   0.802955 |   0.842786 |
|    12 |   0.365082 |   0.837458 |   0.352191 |   0.807795 |   0.753788 |   0.870137 |
|    13 |   0.321648 |   0.855088 |   0.311207 |   0.827914 |   0.804686 |   0.852524 |
|    14 |   0.285944 |   0.860498 |   0.348187 |   0.807299 |   0.788623 |   0.826881 |
|    15 |   0.256025 |   0.864469 |   0.260144 |   0.813979 |   0.760011 |   0.876197 |
|    16 |   0.228444 |   0.871894 |   0.238160 |   0.827046 |   0.825862 |   0.828232 |
|    17 |   0.207128 |   0.878048 |   0.222074 |   0.828156 |   0.835855 |   0.820597 |
|    18 |   0.184760 |   0.885476 |   0.199745 |   0.833342 |   0.801882 |   0.867373 |
|    19 |   0.170142 |   0.888956 |   0.190242 |   0.838895 |   0.852027 |   0.826162 |
|    20 |   0.159183 |   0.888200 |   0.181672 |   0.834214 |   0.818471 |   0.850574 |
|    21 |   0.147207 |   0.891845 |   0.174006 |   0.838939 |   0.852195 |   0.826089 |
|    22 |   0.140497 |   0.890856 |   0.170463 |   0.835287 |   0.819782 |   0.851389 |
|    23 |   0.132775 |   0.893448 |   0.160426 |   0.842035 |   0.836077 |   0.848078 |
|    24 |   0.123514 |   0.897367 |   0.157653 |   0.841564 |   0.802480 |   0.884650 |
|    25 |   0.118752 |   0.897261 |   0.154932 |   0.840234 |   0.875810 |   0.807434 |
|    26 |   0.109174 |   0.905096 |   0.149436 |   0.842062 |   0.854576 |   0.829909 |
|    27 |   0.107270 |   0.903195 |   0.144345 |   0.845903 |   0.880620 |   0.813818 |
|    28 |   0.100824 |   0.908237 |   0.134109 |   0.854502 |   0.882847 |   0.827920 |
|    29 |   0.096084 |   0.910485 |   0.140868 |   0.844754 |   0.871710 |   0.819415 |
|    30 |   0.092105 |   0.913431 |   0.140523 |   0.842345 |   0.824533 |   0.860944 |
|    31 |   0.090232 |   0.912518 |   0.139701 |   0.842972 |   0.829131 |   0.857283 |
|    32 |   0.087038 |   0.914735 |   0.136746 |   0.844923 |   0.860886 |   0.829540 |
|    33 |   0.085399 |   0.914641 |   0.136140 |   0.844287 |   0.838738 |   0.849909 |
|    34 |   0.082482 |   0.916487 |   0.142739 |   0.834583 |   0.865086 |   0.806158 |
|    35 |   0.078029 |   0.920920 |   0.134352 |   0.844580 |   0.861230 |   0.828562 |
|    36 |   0.075884 |   0.923851 |   0.130181 |   0.849286 |   0.859906 |   0.838924 |
|    37 |   0.073862 |   0.925066 |   0.136354 |   0.840650 |   0.865777 |   0.816940 |
|    38 |   0.072831 |   0.926040 |   0.131367 |   0.846131 |   0.863143 |   0.829776 |
|    39 |   0.070546 |   0.928336 |   0.131838 |   0.845122 |   0.868324 |   0.823128 |
|    40 |   0.070571 |   0.927634 |   0.129093 |   0.848467 |   0.868063 |   0.829736 |
|    41 |   0.068054 |   0.930368 |   0.127658 |   0.850383 |   0.872557 |   0.829309 |
|    42 |   0.067166 |   0.930884 |   0.127076 |   0.850467 |   0.878881 |   0.823832 |
|    43 |   0.066406 |   0.931424 |   0.126329 |   0.851581 |   0.871805 |   0.832273 |
|    44 |   0.065230 |   0.933010 |   0.125331 |   0.852197 |   0.875850 |   0.829787 |
|    45 |   0.063592 |   0.934469 |   0.123620 |   0.854232 |   0.877969 |   0.831744 |
|    46 |   0.063860 |   0.933922 |   0.124477 |   0.852645 |   0.875896 |   0.830596 |
|    47 |   0.062968 |   0.934817 |   0.121201 |   0.856997 |   0.876454 |   0.838384 |
|    48 |   0.062486 |   0.935070 |   0.121638 |   0.856303 |   0.877620 |   0.835998 |
|    49 |   0.061579 |   0.937013 |   0.122724 |   0.854794 |   0.873608 |   0.836773 |
|    50 |   0.061659 |   0.936155 |   0.121714 |   0.855761 |   0.869751 |   0.842214 |
|    51 |   0.060128 |   0.937678 |   0.120193 |   0.858149 |   0.867482 |   0.849016 |
|    52 |   0.060904 |   0.937235 |   0.120552 |   0.857037 |   0.871185 |   0.843341 |
|    53 |   0.060813 |   0.936464 |   0.123712 |   0.852996 |   0.878223 |   0.829177 |
|    54 |   0.060855 |   0.936232 |   0.122790 |   0.854280 |   0.873773 |   0.835638 |
|    55 |   0.060004 |   0.937665 |   0.121720 |   0.855617 |   0.869605 |   0.842071 |
|    56 |   0.058767 |   0.938943 |   0.122519 |   0.854540 |   0.876850 |   0.833336 |
|    57 |   0.058752 |   0.938686 |   0.121962 |   0.854760 |   0.876984 |   0.833634 |
|    58 |   0.058891 |   0.938594 |   0.122392 |   0.854373 |   0.877719 |   0.832237 |
|    59 |   0.058324 |   0.939348 |   0.120724 |   0.856584 |   0.876871 |   0.837213 |
|    60 |   0.057809 |   0.939665 |   0.120705 |   0.856523 |   0.873065 |   0.840595 |
|    61 |   0.058049 |   0.939318 |   0.121849 |   0.855006 |   0.875700 |   0.835267 |
|    62 |   0.057711 |   0.939406 |   0.119850 |   0.857392 |   0.873744 |   0.841642 |
|    63 |   0.057363 |   0.940066 |   0.121361 |   0.855226 |   0.876134 |   0.835294 |
|    64 |   0.057395 |   0.939817 |   0.121073 |   0.855673 |   0.875015 |   0.837168 |
|    65 |   0.056060 |   0.941106 |   0.121000 |   0.855735 |   0.876362 |   0.836056 |
|    66 |   0.056580 |   0.941199 |   0.121169 |   0.855597 |   0.872997 |   0.838877 |
|    67 |   0.056693 |   0.940430 |   0.121575 |   0.854791 |   0.873864 |   0.836534 |
|    68 |   0.056415 |   0.941219 |   0.121958 |   0.854310 |   0.878319 |   0.831579 |
|    69 |   0.056617 |   0.940964 |   0.121787 |   0.854587 |   0.875767 |   0.834407 |
|    70 |   0.056243 |   0.941088 |   0.122241 |   0.854103 |   0.878111 |   0.831374 |
|    71 |   0.056357 |   0.941341 |   0.121924 |   0.854626 |   0.874516 |   0.835621 |
|    72 |   0.056990 |   0.940287 |   0.121631 |   0.854713 |   0.871754 |   0.838326 |
|    73 |   0.055862 |   0.941622 |   0.121521 |   0.854845 |   0.874233 |   0.836299 |
|    74 |   0.056722 |   0.940443 |   0.121571 |   0.854845 |   0.874617 |   0.835947 |
|    75 |   0.055783 |   0.941073 |   0.121895 |   0.854340 |   0.875130 |   0.834515 |
|    76 |   0.055363 |   0.942062 |   0.121636 |   0.854629 |   0.874166 |   0.835947 |
|    77 |   0.055846 |   0.941692 |   0.122577 |   0.853392 |   0.875162 |   0.832678 |
|    78 |   0.055319 |   0.942099 |   0.121612 |   0.854738 |   0.871720 |   0.838405 |
|    79 |   0.056692 |   0.940687 |   0.121827 |   0.854495 |   0.873431 |   0.836363 |
|    80 |   0.054961 |   0.942143 |   0.122119 |   0.853821 |   0.876447 |   0.832333 |
+-------+------------+------------+------------+------------+------------+------------+

Best Performance Summary:
- Best Dice: 0.8581 at epoch 51
- Corresponding Precision: 0.8675
- Corresponding Recall: 0.8490
- Lesion Recall: 0.9761

============================================================



===== Final Test Results =====

U-Net:
  Dice: 0.8425
  Precision: 0.8495
  Recall: 0.8357
  Lesion Recall: 0.9674


================================================================================
INFERENCE TIME COMPARISON
Tested on 100 images
================================================================================

+--------------+----------------+----------------+----------------+
| Model        | Avg Time (ms)  | FPS            | Total Time (s) |
+--------------+----------------+----------------+----------------+
| U-Net        |          6.289 |         159.00 |          0.629 |
+--------------+----------------+----------------+----------------+

Fastest model: U-Net (6.29 ms/image)

SemanticFPN:
  Dice: 0.8617
  Precision: 0.8757
  Recall: 0.8481
  Lesion Recall: 0.9739


================================================================================
INFERENCE TIME COMPARISON
Tested on 100 images
================================================================================

+--------------+----------------+----------------+----------------+
| Model        | Avg Time (ms)  | FPS            | Total Time (s) |
+--------------+----------------+----------------+----------------+
| SemanticFPN  |         11.399 |          87.72 |          1.140 |
+--------------+----------------+----------------+----------------+

Fastest model: SemanticFPN (11.40 ms/image)
