Brain Tumor Segmentation Results
Date: 2025-07-15 12:25:37
Image Size: 256
Epochs: 80



============================================================
| U-NET RESULTS
| Generated at: 2025-07-15 13:46:46
============================================================

Final Validation Metrics:
+-----------------+----------+----------+-----------------+
| Metric          | Value    | Metric   | Value           |
+-----------------+----------+----------+-----------------+
| Dice            | 0.847411 | Precision | 0.875576 |
| Recall          | 0.821002 | LesionRec | 0.936957 |
+-----------------+----------+----------+-----------------+

Epoch-wise Performance:
+-------+------------+------------+------------+------------+------------+------------+
| Epoch | Train Loss | Train Dice | Val Loss   | Val Dice   | Val Prec   | Val Rec    |
+-------+------------+------------+------------+------------+------------+------------+
|     1 |   0.710002 |   0.058772 |   0.690940 |   0.198156 |   0.191943 |   0.204785 |
|     2 |   0.685296 |   0.204272 |   0.688461 |   0.184870 |   0.105021 |   0.771313 |
|     3 |   0.669735 |   0.335933 |   0.666171 |   0.330111 |   0.215635 |   0.703672 |
|     4 |   0.660894 |   0.385030 |   0.663415 |   0.494554 |   0.636646 |   0.404315 |
|     5 |   0.650615 |   0.425835 |   0.646701 |   0.380872 |   0.245045 |   0.854545 |
|     6 |   0.641396 |   0.449604 |   0.636674 |   0.612138 |   0.545293 |   0.697661 |
|     7 |   0.630070 |   0.488826 |   0.622488 |   0.625608 |   0.526803 |   0.770033 |
|     8 |   0.619036 |   0.508675 |   0.606446 |   0.615864 |   0.491340 |   0.824934 |
|     9 |   0.607020 |   0.528981 |   0.593253 |   0.660207 |   0.551299 |   0.822736 |
|    10 |   0.588649 |   0.573458 |   0.571930 |   0.658533 |   0.529179 |   0.871584 |
|    11 |   0.571611 |   0.596311 |   0.555266 |   0.639426 |   0.498317 |   0.892020 |
|    12 |   0.552048 |   0.612069 |   0.541179 |   0.613167 |   0.478302 |   0.853955 |
|    13 |   0.528045 |   0.626164 |   0.510127 |   0.631791 |   0.489028 |   0.892278 |
|    14 |   0.503013 |   0.645477 |   0.523159 |   0.482829 |   0.324837 |   0.940040 |
|    15 |   0.471200 |   0.679252 |   0.442028 |   0.754901 |   0.683592 |   0.842820 |
|    16 |   0.441751 |   0.696900 |   0.417079 |   0.762526 |   0.750335 |   0.775119 |
|    17 |   0.411864 |   0.710996 |   0.387604 |   0.739863 |   0.658308 |   0.844484 |
|    18 |   0.382055 |   0.725615 |   0.377249 |   0.753454 |   0.765763 |   0.741535 |
|    19 |   0.353808 |   0.738926 |   0.339479 |   0.781179 |   0.835069 |   0.733822 |
|    20 |   0.330867 |   0.743527 |   0.319382 |   0.752287 |   0.766492 |   0.738599 |
|    21 |   0.309176 |   0.750130 |   0.295224 |   0.758893 |   0.713674 |   0.810229 |
|    22 |   0.291531 |   0.754984 |   0.271979 |   0.788962 |   0.785762 |   0.792189 |
|    23 |   0.270829 |   0.767089 |   0.242891 |   0.787746 |   0.730102 |   0.855273 |
|    24 |   0.253315 |   0.777893 |   0.244208 |   0.794232 |   0.880544 |   0.723330 |
|    25 |   0.240382 |   0.780653 |   0.226345 |   0.798767 |   0.821043 |   0.777667 |
|    26 |   0.236466 |   0.774778 |   0.210598 |   0.798799 |   0.789249 |   0.808583 |
|    27 |   0.219236 |   0.788707 |   0.202616 |   0.810638 |   0.832194 |   0.790170 |
|    28 |   0.213178 |   0.788494 |   0.194815 |   0.798623 |   0.775614 |   0.823039 |
|    29 |   0.200469 |   0.799161 |   0.188936 |   0.812928 |   0.841339 |   0.786374 |
|    30 |   0.193878 |   0.801411 |   0.187595 |   0.803867 |   0.803650 |   0.804083 |
|    31 |   0.187366 |   0.804683 |   0.178859 |   0.811923 |   0.839985 |   0.785676 |
|    32 |   0.183758 |   0.804845 |   0.204960 |   0.768566 |   0.705011 |   0.844716 |
|    33 |   0.184907 |   0.798765 |   0.165013 |   0.820301 |   0.811577 |   0.829214 |
|    34 |   0.174329 |   0.809599 |   0.162581 |   0.822653 |   0.868079 |   0.781744 |
|    35 |   0.175203 |   0.805487 |   0.169247 |   0.811291 |   0.794170 |   0.829167 |
|    36 |   0.169298 |   0.810846 |   0.163219 |   0.819558 |   0.844794 |   0.795785 |
|    37 |   0.161746 |   0.818821 |   0.157601 |   0.823231 |   0.814423 |   0.832232 |
|    38 |   0.163713 |   0.813439 |   0.151122 |   0.824965 |   0.857590 |   0.794731 |
|    39 |   0.156231 |   0.821302 |   0.152715 |   0.822194 |   0.835645 |   0.809169 |
|    40 |   0.155869 |   0.819381 |   0.154002 |   0.821646 |   0.834135 |   0.809525 |
|    41 |   0.154242 |   0.819966 |   0.160029 |   0.807787 |   0.799457 |   0.816292 |
|    42 |   0.152329 |   0.821098 |   0.157969 |   0.813178 |   0.780232 |   0.849029 |
|    43 |   0.158472 |   0.810905 |   0.147284 |   0.823980 |   0.822491 |   0.825475 |
|    44 |   0.147228 |   0.825527 |   0.139981 |   0.830743 |   0.850137 |   0.812214 |
|    45 |   0.142088 |   0.830830 |   0.140969 |   0.827698 |   0.874674 |   0.785511 |
|    46 |   0.143892 |   0.826629 |   0.137322 |   0.830643 |   0.860699 |   0.802615 |
|    47 |   0.139768 |   0.832031 |   0.139316 |   0.829913 |   0.864781 |   0.797747 |
|    48 |   0.141056 |   0.829048 |   0.136774 |   0.829004 |   0.893253 |   0.773377 |
|    49 |   0.136607 |   0.834852 |   0.144764 |   0.820890 |   0.782019 |   0.863827 |
|    50 |   0.134471 |   0.836868 |   0.136618 |   0.829806 |   0.856400 |   0.804815 |
|    51 |   0.127898 |   0.844037 |   0.128191 |   0.841240 |   0.846969 |   0.835588 |
|    52 |   0.121103 |   0.853278 |   0.126691 |   0.841245 |   0.860299 |   0.823017 |
|    53 |   0.120238 |   0.854232 |   0.126883 |   0.840111 |   0.863943 |   0.817558 |
|    54 |   0.119473 |   0.854973 |   0.130832 |   0.836277 |   0.844164 |   0.828536 |
|    55 |   0.119422 |   0.854389 |   0.128956 |   0.839011 |   0.868701 |   0.811283 |
|    56 |   0.120268 |   0.853278 |   0.124380 |   0.844553 |   0.859151 |   0.830443 |
|    57 |   0.119590 |   0.853776 |   0.124649 |   0.842185 |   0.841254 |   0.843119 |
|    58 |   0.120453 |   0.852404 |   0.122019 |   0.845821 |   0.876448 |   0.817263 |
|    59 |   0.115732 |   0.858494 |   0.127498 |   0.839889 |   0.842039 |   0.837750 |
|    60 |   0.113828 |   0.860599 |   0.122273 |   0.845440 |   0.877542 |   0.815604 |
|    61 |   0.113851 |   0.860238 |   0.120817 |   0.847615 |   0.851725 |   0.843544 |
|    62 |   0.112132 |   0.862065 |   0.123682 |   0.843494 |   0.854995 |   0.832299 |
|    63 |   0.109104 |   0.865371 |   0.125008 |   0.840653 |   0.854385 |   0.827354 |
|    64 |   0.111896 |   0.862640 |   0.120703 |   0.846330 |   0.874161 |   0.820216 |
|    65 |   0.108492 |   0.865872 |   0.127762 |   0.837290 |   0.865638 |   0.810740 |
|    66 |   0.111402 |   0.862698 |   0.121896 |   0.844644 |   0.845204 |   0.844084 |
|    67 |   0.109143 |   0.864309 |   0.126418 |   0.839097 |   0.866129 |   0.813701 |
|    68 |   0.103977 |   0.871452 |   0.120140 |   0.846781 |   0.867080 |   0.827411 |
|    69 |   0.104414 |   0.870443 |   0.120758 |   0.846495 |   0.869980 |   0.824244 |
|    70 |   0.103278 |   0.871802 |   0.119239 |   0.847138 |   0.871712 |   0.823912 |
|    71 |   0.100956 |   0.874677 |   0.119587 |   0.846546 |   0.879525 |   0.815950 |
|    72 |   0.101759 |   0.874190 |   0.117503 |   0.849549 |   0.868847 |   0.831090 |
|    73 |   0.102889 |   0.872867 |   0.120472 |   0.845403 |   0.875257 |   0.817519 |
|    74 |   0.102160 |   0.872759 |   0.118175 |   0.848070 |   0.863782 |   0.832920 |
|    75 |   0.102548 |   0.873266 |   0.117532 |   0.849183 |   0.847669 |   0.850702 |
|    76 |   0.099725 |   0.875756 |   0.116413 |   0.850672 |   0.866296 |   0.835601 |
|    77 |   0.098676 |   0.877130 |   0.117866 |   0.848497 |   0.855477 |   0.841629 |
|    78 |   0.098060 |   0.877826 |   0.116787 |   0.849748 |   0.857980 |   0.841672 |
|    79 |   0.096849 |   0.879727 |   0.116222 |   0.849964 |   0.864101 |   0.836282 |
|    80 |   0.096147 |   0.880502 |   0.117929 |   0.847411 |   0.875576 |   0.821002 |
+-------+------------+------------+------------+------------+------------+------------+

Best Performance Summary:
- Best Dice: 0.8507 at epoch 76
- Corresponding Precision: 0.8663
- Corresponding Recall: 0.8356
- Lesion Recall: 0.9435

============================================================



============================================================
| SEMANTICFPN RESULTS
| Generated at: 2025-07-15 14:20:11
============================================================

Final Validation Metrics:
+-----------------+----------+----------+-----------------+
| Metric          | Value    | Metric   | Value           |
+-----------------+----------+----------+-----------------+
| Dice            | 0.874117 | Precision | 0.896334 |
| Recall          | 0.852974 | LesionRec | 0.989130 |
+-----------------+----------+----------+-----------------+

Epoch-wise Performance:
+-------+------------+------------+------------+------------+------------+------------+
| Epoch | Train Loss | Train Dice | Val Loss   | Val Dice   | Val Prec   | Val Rec    |
+-------+------------+------------+------------+------------+------------+------------+
|     1 |   0.679467 |   0.205449 |   0.656083 |   0.506075 |   0.354751 |   0.882529 |
|     2 |   0.642969 |   0.578540 |   0.634698 |   0.628290 |   0.482469 |   0.900436 |
|     3 |   0.628084 |   0.655824 |   0.620863 |   0.656483 |   0.504886 |   0.938181 |
|     4 |   0.615196 |   0.689785 |   0.611121 |   0.715775 |   0.593093 |   0.902448 |
|     5 |   0.601241 |   0.717819 |   0.599495 |   0.677096 |   0.527937 |   0.943733 |
|     6 |   0.585961 |   0.743105 |   0.583830 |   0.662114 |   0.506312 |   0.956423 |
|     7 |   0.569961 |   0.753435 |   0.562637 |   0.730736 |   0.594553 |   0.947837 |
|     8 |   0.549023 |   0.771631 |   0.545145 |   0.733392 |   0.599511 |   0.944263 |
|     9 |   0.526131 |   0.789286 |   0.516998 |   0.789270 |   0.719279 |   0.874352 |
|    10 |   0.498832 |   0.802154 |   0.488669 |   0.780316 |   0.678588 |   0.917922 |
|    11 |   0.469216 |   0.812853 |   0.463786 |   0.816351 |   0.755211 |   0.888263 |
|    12 |   0.436370 |   0.823339 |   0.431833 |   0.797835 |   0.706229 |   0.916748 |
|    13 |   0.401649 |   0.834058 |   0.400526 |   0.787500 |   0.696783 |   0.905373 |
|    14 |   0.366691 |   0.847849 |   0.355978 |   0.840206 |   0.818727 |   0.862844 |
|    15 |   0.331302 |   0.861658 |   0.315166 |   0.851000 |   0.824589 |   0.879159 |
|    16 |   0.304155 |   0.858092 |   0.294222 |   0.839968 |   0.815280 |   0.866197 |
|    17 |   0.273569 |   0.867380 |   0.275430 |   0.835858 |   0.818223 |   0.854270 |
|    18 |   0.251042 |   0.867310 |   0.251054 |   0.842326 |   0.836654 |   0.848075 |
|    19 |   0.225036 |   0.877021 |   0.229333 |   0.845236 |   0.867769 |   0.823843 |
|    20 |   0.206154 |   0.884315 |   0.212193 |   0.844920 |   0.830198 |   0.860174 |
|    21 |   0.186510 |   0.889325 |   0.195526 |   0.855991 |   0.855391 |   0.856592 |
|    22 |   0.172977 |   0.894011 |   0.181948 |   0.857383 |   0.850612 |   0.864263 |
|    23 |   0.161561 |   0.896057 |   0.173009 |   0.860659 |   0.876081 |   0.845771 |
|    24 |   0.153129 |   0.894911 |   0.171500 |   0.846626 |   0.818795 |   0.876415 |
|    25 |   0.144491 |   0.892998 |   0.161827 |   0.854388 |   0.887987 |   0.823239 |
|    26 |   0.136258 |   0.898792 |   0.155919 |   0.855479 |   0.867253 |   0.844020 |
|    27 |   0.127730 |   0.901050 |   0.149197 |   0.856831 |   0.869835 |   0.844210 |
|    28 |   0.119645 |   0.905095 |   0.142249 |   0.861857 |   0.861657 |   0.862057 |
|    29 |   0.113514 |   0.907773 |   0.141096 |   0.855292 |   0.877753 |   0.833952 |
|    30 |   0.109108 |   0.909390 |   0.137189 |   0.857322 |   0.900736 |   0.817900 |
|    31 |   0.105199 |   0.910099 |   0.133399 |   0.861022 |   0.871501 |   0.850792 |
|    32 |   0.099203 |   0.913493 |   0.130751 |   0.859725 |   0.869336 |   0.850324 |
|    33 |   0.097414 |   0.912835 |   0.128694 |   0.861696 |   0.856958 |   0.866486 |
|    34 |   0.092442 |   0.915654 |   0.121093 |   0.868322 |   0.876660 |   0.860140 |
|    35 |   0.089387 |   0.918065 |   0.124500 |   0.862074 |   0.862810 |   0.861340 |
|    36 |   0.088591 |   0.916324 |   0.123108 |   0.860741 |   0.853911 |   0.867682 |
|    37 |   0.086034 |   0.917131 |   0.119979 |   0.862728 |   0.871945 |   0.853704 |
|    38 |   0.084358 |   0.917812 |   0.116670 |   0.864038 |   0.888033 |   0.841305 |
|    39 |   0.080782 |   0.920313 |   0.116923 |   0.862294 |   0.909781 |   0.819518 |
|    40 |   0.079191 |   0.921686 |   0.114344 |   0.865580 |   0.893827 |   0.839063 |
|    41 |   0.075940 |   0.923947 |   0.111063 |   0.869496 |   0.902365 |   0.838938 |
|    42 |   0.074654 |   0.925822 |   0.111080 |   0.868560 |   0.889962 |   0.848164 |
|    43 |   0.070923 |   0.929207 |   0.112979 |   0.865258 |   0.897013 |   0.835674 |
|    44 |   0.068793 |   0.930940 |   0.112081 |   0.865713 |   0.899680 |   0.834217 |
|    45 |   0.068790 |   0.930964 |   0.110773 |   0.867625 |   0.875997 |   0.859411 |
|    46 |   0.068077 |   0.931190 |   0.109650 |   0.868668 |   0.888905 |   0.849332 |
|    47 |   0.065827 |   0.933486 |   0.109829 |   0.866986 |   0.900166 |   0.836166 |
|    48 |   0.064938 |   0.934366 |   0.109478 |   0.867848 |   0.899231 |   0.838582 |
|    49 |   0.064329 |   0.934971 |   0.109409 |   0.867387 |   0.893183 |   0.843039 |
|    50 |   0.064023 |   0.934692 |   0.106839 |   0.870823 |   0.887262 |   0.854982 |
|    51 |   0.062571 |   0.936145 |   0.106738 |   0.870631 |   0.891925 |   0.850330 |
|    52 |   0.061794 |   0.937607 |   0.106765 |   0.870588 |   0.885198 |   0.856452 |
|    53 |   0.060899 |   0.937946 |   0.106713 |   0.870251 |   0.884853 |   0.856124 |
|    54 |   0.060263 |   0.938042 |   0.105557 |   0.871470 |   0.888068 |   0.855481 |
|    55 |   0.060305 |   0.938456 |   0.105427 |   0.871572 |   0.889413 |   0.854433 |
|    56 |   0.058822 |   0.939749 |   0.106781 |   0.869322 |   0.887253 |   0.852102 |
|    57 |   0.058815 |   0.939729 |   0.106097 |   0.869935 |   0.889506 |   0.851207 |
|    58 |   0.057953 |   0.940296 |   0.108154 |   0.867022 |   0.883722 |   0.850942 |
|    59 |   0.057444 |   0.940503 |   0.105389 |   0.870984 |   0.887122 |   0.855422 |
|    60 |   0.056570 |   0.941461 |   0.106225 |   0.869355 |   0.892632 |   0.847261 |
|    61 |   0.056444 |   0.941712 |   0.104871 |   0.871068 |   0.895452 |   0.847977 |
|    62 |   0.057238 |   0.940488 |   0.104200 |   0.872095 |   0.893093 |   0.852062 |
|    63 |   0.055340 |   0.942435 |   0.105545 |   0.869941 |   0.895196 |   0.846072 |
|    64 |   0.054583 |   0.943176 |   0.104074 |   0.871912 |   0.891954 |   0.852750 |
|    65 |   0.054356 |   0.943723 |   0.104002 |   0.871852 |   0.892550 |   0.852092 |
|    66 |   0.055401 |   0.942265 |   0.103306 |   0.872758 |   0.890931 |   0.855312 |
|    67 |   0.053374 |   0.944325 |   0.102089 |   0.874453 |   0.892370 |   0.857241 |
|    68 |   0.054117 |   0.943625 |   0.102489 |   0.873742 |   0.893299 |   0.855023 |
|    69 |   0.053376 |   0.944416 |   0.103101 |   0.872982 |   0.890480 |   0.856157 |
|    70 |   0.053005 |   0.944704 |   0.103495 |   0.872368 |   0.896870 |   0.849168 |
|    71 |   0.053442 |   0.944020 |   0.102612 |   0.873151 |   0.901305 |   0.846703 |
|    72 |   0.052453 |   0.945258 |   0.102024 |   0.873828 |   0.896463 |   0.852308 |
|    73 |   0.051980 |   0.944958 |   0.101776 |   0.873973 |   0.896207 |   0.852815 |
|    74 |   0.051609 |   0.945958 |   0.102128 |   0.873560 |   0.899799 |   0.848809 |
|    75 |   0.052030 |   0.945679 |   0.102439 |   0.873284 |   0.895770 |   0.851899 |
|    76 |   0.051193 |   0.946189 |   0.102512 |   0.873089 |   0.896263 |   0.851083 |
|    77 |   0.051179 |   0.946249 |   0.102457 |   0.872911 |   0.898172 |   0.849033 |
|    78 |   0.051387 |   0.945963 |   0.102705 |   0.872273 |   0.900647 |   0.845632 |
|    79 |   0.051421 |   0.945861 |   0.101838 |   0.873806 |   0.896667 |   0.852082 |
|    80 |   0.050504 |   0.947011 |   0.101600 |   0.874117 |   0.896334 |   0.852974 |
+-------+------------+------------+------------+------------+------------+------------+

Best Performance Summary:
- Best Dice: 0.8745 at epoch 67
- Corresponding Precision: 0.8924
- Corresponding Recall: 0.8572
- Lesion Recall: 0.9913

============================================================



===== Final Test Results =====

U-Net:
  Dice: 0.8415
  Precision: 0.8673
  Recall: 0.8173
  Lesion Recall: 0.9500


================================================================================
INFERENCE TIME COMPARISON
Tested on 100 images
================================================================================

+--------------+----------------+----------------+----------------+
| Model        | Avg Time (ms)  | FPS            | Total Time (s) |
+--------------+----------------+----------------+----------------+
| U-Net        |          6.224 |         160.66 |          0.622 |
+--------------+----------------+----------------+----------------+

Fastest model: U-Net (6.22 ms/image)

SemanticFPN:
  Dice: 0.8648
  Precision: 0.8928
  Recall: 0.8385
  Lesion Recall: 0.9696


================================================================================
INFERENCE TIME COMPARISON
Tested on 100 images
================================================================================

+--------------+----------------+----------------+----------------+
| Model        | Avg Time (ms)  | FPS            | Total Time (s) |
+--------------+----------------+----------------+----------------+
| SemanticFPN  |         11.439 |          87.42 |          1.144 |
+--------------+----------------+----------------+----------------+

Fastest model: SemanticFPN (11.44 ms/image)
