Brain Tumor Segmentation Results
Date: 2025-07-15 18:11:45
Image Size: 256
Epochs: 80



============================================================
| U-NET RESULTS
| Generated at: 2025-07-15 19:33:07
============================================================

Final Validation Metrics:
+-----------------+----------+----------+-----------------+
| Metric          | Value    | Metric   | Value           |
+-----------------+----------+----------+-----------------+
| Dice            | 0.848208 | Precision | 0.879618 |
| Recall          | 0.818963 | LesionRec | 0.952174 |
+-----------------+----------+----------+-----------------+

Epoch-wise Performance:
+-------+------------+------------+------------+------------+------------+------------+
| Epoch | Train Loss | Train Dice | Val Loss   | Val Dice   | Val Prec   | Val Rec    |
+-------+------------+------------+------------+------------+------------+------------+
|     1 |   0.681611 |   0.227345 |   0.659219 |   0.395104 |   0.263989 |   0.784977 |
|     2 |   0.651349 |   0.422657 |   0.629809 |   0.482494 |   0.355762 |   0.749480 |
|     3 |   0.630303 |   0.465178 |   0.618868 |   0.530224 |   0.427878 |   0.696926 |
|     4 |   0.610067 |   0.523787 |   0.595944 |   0.635534 |   0.538591 |   0.775036 |
|     5 |   0.589205 |   0.555683 |   0.573723 |   0.583644 |   0.440665 |   0.863970 |
|     6 |   0.563092 |   0.599865 |   0.547511 |   0.587068 |   0.440704 |   0.878995 |
|     7 |   0.534858 |   0.621810 |   0.529565 |   0.626591 |   0.541118 |   0.744131 |
|     8 |   0.503910 |   0.642085 |   0.489409 |   0.714422 |   0.671629 |   0.763040 |
|     9 |   0.466551 |   0.676363 |   0.456342 |   0.610047 |   0.466956 |   0.879583 |
|    10 |   0.427802 |   0.696671 |   0.402150 |   0.743505 |   0.714809 |   0.774602 |
|    11 |   0.393056 |   0.710789 |   0.377310 |   0.747419 |   0.747907 |   0.746932 |
|    12 |   0.356950 |   0.726949 |   0.370129 |   0.682493 |   0.651077 |   0.717095 |
|    13 |   0.327402 |   0.737710 |   0.319482 |   0.756485 |   0.749759 |   0.763332 |
|    14 |   0.299017 |   0.749988 |   0.308803 |   0.728887 |   0.752539 |   0.706677 |
|    15 |   0.272525 |   0.763512 |   0.261481 |   0.770763 |   0.775094 |   0.766481 |
|    16 |   0.256914 |   0.764024 |   0.244050 |   0.779365 |   0.774595 |   0.784194 |
|    17 |   0.231966 |   0.785083 |   0.252919 |   0.748359 |   0.792125 |   0.709176 |
|    18 |   0.222270 |   0.784919 |   0.221111 |   0.780530 |   0.839643 |   0.729193 |
|    19 |   0.215032 |   0.784203 |   0.213713 |   0.785665 |   0.840366 |   0.737649 |
|    20 |   0.207836 |   0.784006 |   0.211350 |   0.773590 |   0.769844 |   0.777373 |
|    21 |   0.195318 |   0.793355 |   0.200081 |   0.787460 |   0.848265 |   0.734789 |
|    22 |   0.192533 |   0.791094 |   0.196589 |   0.784826 |   0.798060 |   0.772024 |
|    23 |   0.184382 |   0.797795 |   0.183527 |   0.793420 |   0.792737 |   0.794105 |
|    24 |   0.176633 |   0.804673 |   0.185769 |   0.789499 |   0.774624 |   0.804957 |
|    25 |   0.176068 |   0.800535 |   0.195140 |   0.771276 |   0.854866 |   0.702576 |
|    26 |   0.168027 |   0.807476 |   0.185272 |   0.778993 |   0.724780 |   0.841972 |
|    27 |   0.165513 |   0.808513 |   0.174319 |   0.793799 |   0.849654 |   0.744834 |
|    28 |   0.160640 |   0.812155 |   0.167691 |   0.802982 |   0.810072 |   0.796015 |
|    29 |   0.158099 |   0.814010 |   0.161132 |   0.806341 |   0.832464 |   0.781808 |
|    30 |   0.159110 |   0.810590 |   0.171717 |   0.793332 |   0.881428 |   0.721245 |
|    31 |   0.151665 |   0.818946 |   0.160511 |   0.807013 |   0.857327 |   0.762278 |
|    32 |   0.147822 |   0.822883 |   0.167182 |   0.795076 |   0.866721 |   0.734371 |
|    33 |   0.151955 |   0.816276 |   0.166382 |   0.793691 |   0.818819 |   0.770059 |
|    34 |   0.146386 |   0.822672 |   0.160593 |   0.800520 |   0.845811 |   0.759833 |
|    35 |   0.142707 |   0.825897 |   0.167468 |   0.793525 |   0.865982 |   0.732256 |
|    36 |   0.139087 |   0.829460 |   0.149760 |   0.813417 |   0.823257 |   0.803809 |
|    37 |   0.142803 |   0.823791 |   0.178462 |   0.776879 |   0.856601 |   0.710733 |
|    38 |   0.142026 |   0.823825 |   0.150156 |   0.811510 |   0.835862 |   0.788538 |
|    39 |   0.135951 |   0.831741 |   0.146894 |   0.817615 |   0.819732 |   0.815509 |
|    40 |   0.134819 |   0.832460 |   0.152000 |   0.807016 |   0.815719 |   0.798496 |
|    41 |   0.134135 |   0.833338 |   0.144817 |   0.817511 |   0.853970 |   0.784037 |
|    42 |   0.132719 |   0.834128 |   0.150995 |   0.805447 |   0.824675 |   0.787096 |
|    43 |   0.130857 |   0.836582 |   0.142371 |   0.820532 |   0.834300 |   0.807210 |
|    44 |   0.127827 |   0.839425 |   0.149879 |   0.809911 |   0.876932 |   0.752407 |
|    45 |   0.129982 |   0.835964 |   0.165420 |   0.787826 |   0.740269 |   0.841913 |
|    46 |   0.134997 |   0.828834 |   0.150835 |   0.808151 |   0.880200 |   0.747004 |
|    47 |   0.128378 |   0.838098 |   0.144733 |   0.814577 |   0.846500 |   0.784974 |
|    48 |   0.124583 |   0.842532 |   0.148551 |   0.812011 |   0.843979 |   0.782377 |
|    49 |   0.127691 |   0.838614 |   0.140355 |   0.819647 |   0.826545 |   0.812863 |
|    50 |   0.115987 |   0.853239 |   0.130978 |   0.831272 |   0.840292 |   0.822444 |
|    51 |   0.114450 |   0.855746 |   0.133421 |   0.827149 |   0.854213 |   0.801747 |
|    52 |   0.111605 |   0.859317 |   0.138381 |   0.820441 |   0.855913 |   0.787792 |
|    53 |   0.109500 |   0.861032 |   0.130826 |   0.831216 |   0.833703 |   0.828743 |
|    54 |   0.109806 |   0.860597 |   0.136779 |   0.822521 |   0.847131 |   0.799300 |
|    55 |   0.105693 |   0.866720 |   0.128326 |   0.833553 |   0.872632 |   0.797825 |
|    56 |   0.105861 |   0.865545 |   0.130149 |   0.831522 |   0.866613 |   0.799162 |
|    57 |   0.105884 |   0.866025 |   0.132140 |   0.828885 |   0.837570 |   0.820378 |
|    58 |   0.104023 |   0.867934 |   0.129736 |   0.830658 |   0.845453 |   0.816372 |
|    59 |   0.104185 |   0.868057 |   0.132715 |   0.828921 |   0.860809 |   0.799312 |
|    60 |   0.105727 |   0.866916 |   0.129990 |   0.832475 |   0.837129 |   0.827873 |
|    61 |   0.103747 |   0.867931 |   0.131144 |   0.829302 |   0.839075 |   0.819754 |
|    62 |   0.100650 |   0.872102 |   0.122652 |   0.840745 |   0.854985 |   0.826972 |
|    63 |   0.095134 |   0.879688 |   0.126778 |   0.835045 |   0.862833 |   0.808991 |
|    64 |   0.096520 |   0.877428 |   0.126086 |   0.835367 |   0.859572 |   0.812487 |
|    65 |   0.096847 |   0.877160 |   0.125894 |   0.836545 |   0.861866 |   0.812669 |
|    66 |   0.095593 |   0.878983 |   0.123736 |   0.837914 |   0.869990 |   0.808119 |
|    67 |   0.094105 |   0.880413 |   0.122111 |   0.841216 |   0.860490 |   0.822787 |
|    68 |   0.093569 |   0.880838 |   0.127018 |   0.837078 |   0.867995 |   0.808288 |
|    69 |   0.093503 |   0.881304 |   0.120992 |   0.843675 |   0.876322 |   0.813373 |
|    70 |   0.091538 |   0.883755 |   0.116035 |   0.849543 |   0.877153 |   0.823618 |
|    71 |   0.094099 |   0.880960 |   0.121808 |   0.842395 |   0.878680 |   0.808988 |
|    72 |   0.091926 |   0.883140 |   0.120809 |   0.844263 |   0.865956 |   0.823631 |
|    73 |   0.090807 |   0.884116 |   0.121200 |   0.843273 |   0.869652 |   0.818447 |
|    74 |   0.090530 |   0.885332 |   0.123762 |   0.839089 |   0.870945 |   0.809481 |
|    75 |   0.090821 |   0.884393 |   0.121599 |   0.842912 |   0.880292 |   0.808578 |
|    76 |   0.091615 |   0.883610 |   0.121100 |   0.843605 |   0.873181 |   0.815966 |
|    77 |   0.089008 |   0.887661 |   0.117274 |   0.847747 |   0.868573 |   0.827895 |
|    78 |   0.088594 |   0.887697 |   0.117009 |   0.847935 |   0.868750 |   0.828095 |
|    79 |   0.086405 |   0.889520 |   0.117156 |   0.847739 |   0.873682 |   0.823292 |
|    80 |   0.084911 |   0.891826 |   0.116971 |   0.848208 |   0.879618 |   0.818963 |
+-------+------------+------------+------------+------------+------------+------------+

Best Performance Summary:
- Best Dice: 0.8495 at epoch 70
- Corresponding Precision: 0.8772
- Corresponding Recall: 0.8236
- Lesion Recall: 0.9522

============================================================



============================================================
| SEMANTICFPN RESULTS
| Generated at: 2025-07-15 20:07:28
============================================================

Final Validation Metrics:
+-----------------+----------+----------+-----------------+
| Metric          | Value    | Metric   | Value           |
+-----------------+----------+----------+-----------------+
| Dice            | 0.863721 | Precision | 0.888653 |
| Recall          | 0.840149 | LesionRec | 0.973913 |
+-----------------+----------+----------+-----------------+

Epoch-wise Performance:
+-------+------------+------------+------------+------------+------------+------------+
| Epoch | Train Loss | Train Dice | Val Loss   | Val Dice   | Val Prec   | Val Rec    |
+-------+------------+------------+------------+------------+------------+------------+
|     1 |   0.669276 |   0.307569 |   0.645501 |   0.535397 |   0.383113 |   0.888613 |
|     2 |   0.634532 |   0.601501 |   0.625163 |   0.669189 |   0.540193 |   0.879118 |
|     3 |   0.618270 |   0.656236 |   0.613407 |   0.652414 |   0.508064 |   0.911343 |
|     4 |   0.602200 |   0.700944 |   0.598434 |   0.632376 |   0.474371 |   0.948207 |
|     5 |   0.585038 |   0.723391 |   0.580631 |   0.688731 |   0.551635 |   0.916507 |
|     6 |   0.564029 |   0.748836 |   0.557391 |   0.720697 |   0.591861 |   0.921228 |
|     7 |   0.539842 |   0.765097 |   0.531759 |   0.776549 |   0.688847 |   0.889843 |
|     8 |   0.510961 |   0.787853 |   0.504992 |   0.766756 |   0.668764 |   0.898394 |
|     9 |   0.478977 |   0.798892 |   0.465753 |   0.798045 |   0.727209 |   0.884171 |
|    10 |   0.440773 |   0.816854 |   0.442782 |   0.801822 |   0.771401 |   0.834741 |
|    11 |   0.400268 |   0.832243 |   0.395700 |   0.811288 |   0.773165 |   0.853366 |
|    12 |   0.361463 |   0.841720 |   0.358741 |   0.810615 |   0.746994 |   0.886083 |
|    13 |   0.320650 |   0.852922 |   0.312163 |   0.834248 |   0.803399 |   0.867560 |
|    14 |   0.283595 |   0.865308 |   0.287827 |   0.824008 |   0.771383 |   0.884340 |
|    15 |   0.252161 |   0.868595 |   0.252671 |   0.829287 |   0.793955 |   0.867909 |
|    16 |   0.229696 |   0.868951 |   0.235484 |   0.827491 |   0.778307 |   0.883310 |
|    17 |   0.208216 |   0.871456 |   0.213110 |   0.844491 |   0.835266 |   0.853922 |
|    18 |   0.184229 |   0.885097 |   0.205062 |   0.836855 |   0.830632 |   0.843171 |
|    19 |   0.174676 |   0.880756 |   0.193187 |   0.837938 |   0.823621 |   0.852761 |
|    20 |   0.159720 |   0.885914 |   0.180082 |   0.847879 |   0.873970 |   0.823301 |
|    21 |   0.144777 |   0.893201 |   0.168606 |   0.847282 |   0.833265 |   0.861779 |
|    22 |   0.135312 |   0.897385 |   0.162900 |   0.846090 |   0.873753 |   0.820124 |
|    23 |   0.130814 |   0.892760 |   0.167352 |   0.836695 |   0.883874 |   0.794297 |
|    24 |   0.122330 |   0.898370 |   0.151416 |   0.846520 |   0.821927 |   0.872631 |
|    25 |   0.117938 |   0.897186 |   0.152228 |   0.840718 |   0.838225 |   0.843226 |
|    26 |   0.113655 |   0.898968 |   0.146313 |   0.847706 |   0.859940 |   0.835815 |
|    27 |   0.105187 |   0.906888 |   0.139587 |   0.852880 |   0.868288 |   0.838009 |
|    28 |   0.100969 |   0.911077 |   0.137737 |   0.853667 |   0.879495 |   0.829312 |
|    29 |   0.097207 |   0.912908 |   0.136959 |   0.854486 |   0.883403 |   0.827402 |
|    30 |   0.094079 |   0.915234 |   0.134420 |   0.855480 |   0.884438 |   0.828358 |
|    31 |   0.089362 |   0.919455 |   0.132446 |   0.856357 |   0.870699 |   0.842480 |
|    32 |   0.089319 |   0.918696 |   0.129207 |   0.859299 |   0.861218 |   0.857388 |
|    33 |   0.084944 |   0.921943 |   0.129970 |   0.856936 |   0.874440 |   0.840119 |
|    34 |   0.084652 |   0.921094 |   0.133305 |   0.852581 |   0.872005 |   0.834003 |
|    35 |   0.083419 |   0.922233 |   0.130667 |   0.854551 |   0.869984 |   0.839656 |
|    36 |   0.080196 |   0.924196 |   0.128740 |   0.855130 |   0.881095 |   0.830652 |
|    37 |   0.079771 |   0.923083 |   0.129643 |   0.854045 |   0.882836 |   0.827072 |
|    38 |   0.077337 |   0.925553 |   0.126550 |   0.856554 |   0.887731 |   0.827493 |
|    39 |   0.075992 |   0.927100 |   0.125130 |   0.858261 |   0.886611 |   0.831668 |
|    40 |   0.074835 |   0.927442 |   0.124436 |   0.859646 |   0.875267 |   0.844572 |
|    41 |   0.073707 |   0.928564 |   0.125536 |   0.857900 |   0.892468 |   0.825909 |
|    42 |   0.072141 |   0.929594 |   0.122551 |   0.859907 |   0.880921 |   0.839872 |
|    43 |   0.072626 |   0.929485 |   0.123911 |   0.859541 |   0.883528 |   0.836822 |
|    44 |   0.071232 |   0.929682 |   0.122510 |   0.859479 |   0.879168 |   0.840654 |
|    45 |   0.070532 |   0.929792 |   0.122264 |   0.859991 |   0.878583 |   0.842169 |
|    46 |   0.067849 |   0.933675 |   0.122536 |   0.861376 |   0.881905 |   0.841780 |
|    47 |   0.067445 |   0.933638 |   0.121623 |   0.861475 |   0.891924 |   0.833036 |
|    48 |   0.065889 |   0.935028 |   0.119478 |   0.863462 |   0.878934 |   0.848525 |
|    49 |   0.067058 |   0.933033 |   0.123440 |   0.858149 |   0.899706 |   0.820261 |
|    50 |   0.066507 |   0.932729 |   0.123021 |   0.857973 |   0.897257 |   0.821985 |
|    51 |   0.064616 |   0.935101 |   0.119380 |   0.862731 |   0.880561 |   0.845608 |
|    52 |   0.063448 |   0.936016 |   0.119347 |   0.862163 |   0.881967 |   0.843229 |
|    53 |   0.063824 |   0.935549 |   0.120492 |   0.860391 |   0.887805 |   0.834620 |
|    54 |   0.062928 |   0.935863 |   0.119407 |   0.860461 |   0.888860 |   0.833821 |
|    55 |   0.061963 |   0.936872 |   0.119039 |   0.861541 |   0.888649 |   0.836039 |
|    56 |   0.061014 |   0.937875 |   0.118340 |   0.861452 |   0.888101 |   0.836355 |
|    57 |   0.060255 |   0.938371 |   0.117341 |   0.863227 |   0.882576 |   0.844709 |
|    58 |   0.060058 |   0.938702 |   0.116442 |   0.863510 |   0.884647 |   0.843360 |
|    59 |   0.059696 |   0.939318 |   0.117218 |   0.862945 |   0.885582 |   0.841437 |
|    60 |   0.059462 |   0.939478 |   0.116418 |   0.863337 |   0.882665 |   0.844838 |
|    61 |   0.059199 |   0.939882 |   0.118316 |   0.860966 |   0.892868 |   0.831264 |
|    62 |   0.058908 |   0.939540 |   0.118066 |   0.861445 |   0.887266 |   0.837084 |
|    63 |   0.059636 |   0.938959 |   0.117461 |   0.862526 |   0.886002 |   0.840261 |
|    64 |   0.058325 |   0.939898 |   0.116425 |   0.863109 |   0.883343 |   0.843781 |
|    65 |   0.058186 |   0.940735 |   0.115662 |   0.863522 |   0.887041 |   0.841219 |
|    66 |   0.057538 |   0.940901 |   0.116638 |   0.862584 |   0.891376 |   0.835595 |
|    67 |   0.057393 |   0.941546 |   0.116259 |   0.863342 |   0.888000 |   0.840016 |
|    68 |   0.057674 |   0.940755 |   0.117170 |   0.862347 |   0.892987 |   0.833740 |
|    69 |   0.057868 |   0.940504 |   0.115976 |   0.863404 |   0.889150 |   0.839108 |
|    70 |   0.058007 |   0.940560 |   0.116285 |   0.863420 |   0.889477 |   0.838846 |
|    71 |   0.056062 |   0.942667 |   0.115496 |   0.864145 |   0.885626 |   0.843681 |
|    72 |   0.057631 |   0.940441 |   0.115622 |   0.863423 |   0.889067 |   0.839218 |
|    73 |   0.057364 |   0.940801 |   0.116301 |   0.863217 |   0.891130 |   0.837000 |
|    74 |   0.056834 |   0.941364 |   0.115841 |   0.863350 |   0.888674 |   0.839430 |
|    75 |   0.056613 |   0.941548 |   0.115910 |   0.863422 |   0.888085 |   0.840092 |
|    76 |   0.057211 |   0.940767 |   0.115430 |   0.863591 |   0.887064 |   0.841329 |
|    77 |   0.055767 |   0.942544 |   0.116191 |   0.863013 |   0.891880 |   0.835957 |
|    78 |   0.056549 |   0.941938 |   0.115818 |   0.863402 |   0.889443 |   0.838842 |
|    79 |   0.055928 |   0.942538 |   0.115269 |   0.863596 |   0.889304 |   0.839333 |
|    80 |   0.056711 |   0.941398 |   0.115109 |   0.863721 |   0.888653 |   0.840149 |
+-------+------------+------------+------------+------------+------------+------------+

Best Performance Summary:
- Best Dice: 0.8641 at epoch 71
- Corresponding Precision: 0.8856
- Corresponding Recall: 0.8437
- Lesion Recall: 0.9783

============================================================



===== Final Test Results =====

U-Net:
  Dice: 0.8481
  Precision: 0.8650
  Recall: 0.8318
  Lesion Recall: 0.9522


================================================================================
INFERENCE TIME COMPARISON
Tested on 100 images
================================================================================

+--------------+----------------+----------------+----------------+
| Model        | Avg Time (ms)  | FPS            | Total Time (s) |
+--------------+----------------+----------------+----------------+
| U-Net        |          7.070 |         141.44 |          0.707 |
+--------------+----------------+----------------+----------------+

Fastest model: U-Net (7.07 ms/image)

SemanticFPN:
  Dice: 0.8580
  Precision: 0.8786
  Recall: 0.8383
  Lesion Recall: 0.9717


================================================================================
INFERENCE TIME COMPARISON
Tested on 100 images
================================================================================

+--------------+----------------+----------------+----------------+
| Model        | Avg Time (ms)  | FPS            | Total Time (s) |
+--------------+----------------+----------------+----------------+
| SemanticFPN  |         12.359 |          80.92 |          1.236 |
+--------------+----------------+----------------+----------------+

Fastest model: SemanticFPN (12.36 ms/image)
