Brain Tumor Segmentation Results
Date: 2025-07-15 16:16:21
Image Size: 256
Epochs: 80



============================================================
| U-NET RESULTS
| Generated at: 2025-07-15 17:37:51
============================================================

Final Validation Metrics:
+-----------------+----------+----------+-----------------+
| Metric          | Value    | Metric   | Value           |
+-----------------+----------+----------+-----------------+
| Dice            | 0.833222 | Precision | 0.851532 |
| Recall          | 0.815683 | LesionRec | 0.947826 |
+-----------------+----------+----------+-----------------+

Epoch-wise Performance:
+-------+------------+------------+------------+------------+------------+------------+
| Epoch | Train Loss | Train Dice | Val Loss   | Val Dice   | Val Prec   | Val Rec    |
+-------+------------+------------+------------+------------+------------+------------+
|     1 |   0.679929 |   0.213254 |   0.657271 |   0.521118 |   0.665336 |   0.428283 |
|     2 |   0.650276 |   0.394594 |   0.630297 |   0.529299 |   0.410528 |   0.744768 |
|     3 |   0.627064 |   0.466633 |   0.611132 |   0.599925 |   0.486900 |   0.781287 |
|     4 |   0.605965 |   0.518149 |   0.600728 |   0.458549 |   0.309446 |   0.884955 |
|     5 |   0.582810 |   0.551525 |   0.572823 |   0.616014 |   0.545415 |   0.707607 |
|     6 |   0.555675 |   0.571680 |   0.549355 |   0.651903 |   0.598018 |   0.716461 |
|     7 |   0.519493 |   0.622668 |   0.500554 |   0.650153 |   0.525666 |   0.851898 |
|     8 |   0.478395 |   0.661557 |   0.465787 |   0.608056 |   0.461908 |   0.889494 |
|     9 |   0.440308 |   0.677381 |   0.417237 |   0.728874 |   0.715735 |   0.742504 |
|    10 |   0.406252 |   0.690744 |   0.411492 |   0.617887 |   0.474008 |   0.887178 |
|    11 |   0.361222 |   0.725953 |   0.345803 |   0.717664 |   0.625108 |   0.842392 |
|    12 |   0.329082 |   0.733252 |   0.328802 |   0.688455 |   0.580976 |   0.844728 |
|    13 |   0.306446 |   0.732497 |   0.299290 |   0.749097 |   0.784064 |   0.717116 |
|    14 |   0.280159 |   0.748211 |   0.278894 |   0.714955 |   0.626661 |   0.832211 |
|    15 |   0.261107 |   0.755431 |   0.245425 |   0.771612 |   0.758321 |   0.785377 |
|    16 |   0.239188 |   0.770242 |   0.241659 |   0.761225 |   0.783229 |   0.740424 |
|    17 |   0.224103 |   0.777014 |   0.213308 |   0.779879 |   0.743742 |   0.819707 |
|    18 |   0.219146 |   0.774897 |   0.211545 |   0.772948 |   0.751673 |   0.795462 |
|    19 |   0.204047 |   0.785148 |   0.203651 |   0.783592 |   0.823913 |   0.747033 |
|    20 |   0.200438 |   0.783980 |   0.196861 |   0.780051 |   0.737899 |   0.827311 |
|    21 |   0.194293 |   0.786102 |   0.189579 |   0.788577 |   0.803469 |   0.774228 |
|    22 |   0.183396 |   0.797525 |   0.194394 |   0.777556 |   0.778584 |   0.776531 |
|    23 |   0.177275 |   0.800406 |   0.180532 |   0.788900 |   0.826900 |   0.754239 |
|    24 |   0.175465 |   0.799346 |   0.188371 |   0.783091 |   0.787517 |   0.778715 |
|    25 |   0.172106 |   0.800365 |   0.173920 |   0.798942 |   0.794258 |   0.803682 |
|    26 |   0.165163 |   0.807286 |   0.178198 |   0.792143 |   0.819162 |   0.766849 |
|    27 |   0.159432 |   0.812930 |   0.163331 |   0.806748 |   0.849749 |   0.767890 |
|    28 |   0.161582 |   0.807867 |   0.173300 |   0.787511 |   0.766175 |   0.810069 |
|    29 |   0.154883 |   0.815454 |   0.163125 |   0.798270 |   0.824969 |   0.773244 |
|    30 |   0.150728 |   0.819430 |   0.164164 |   0.801858 |   0.838731 |   0.768091 |
|    31 |   0.146042 |   0.823894 |   0.154956 |   0.810902 |   0.833631 |   0.789379 |
|    32 |   0.148682 |   0.818500 |   0.160903 |   0.802738 |   0.824911 |   0.781726 |
|    33 |   0.145870 |   0.821992 |   0.156430 |   0.803190 |   0.769283 |   0.840224 |
|    34 |   0.146608 |   0.820566 |   0.145059 |   0.817757 |   0.815823 |   0.819699 |
|    35 |   0.140259 |   0.827815 |   0.157931 |   0.803492 |   0.847392 |   0.763918 |
|    36 |   0.145107 |   0.820318 |   0.149698 |   0.812008 |   0.831680 |   0.793244 |
|    37 |   0.139292 |   0.827518 |   0.153139 |   0.807136 |   0.796628 |   0.817925 |
|    38 |   0.141624 |   0.823467 |   0.156635 |   0.800037 |   0.849005 |   0.756410 |
|    39 |   0.133810 |   0.833952 |   0.144895 |   0.815474 |   0.806278 |   0.824882 |
|    40 |   0.133167 |   0.834140 |   0.147879 |   0.812268 |   0.831956 |   0.793491 |
|    41 |   0.125455 |   0.843889 |   0.143864 |   0.817210 |   0.849194 |   0.787549 |
|    42 |   0.122173 |   0.848197 |   0.138189 |   0.823701 |   0.826391 |   0.821029 |
|    43 |   0.122793 |   0.848128 |   0.140666 |   0.819575 |   0.828737 |   0.810613 |
|    44 |   0.116420 |   0.854848 |   0.136916 |   0.824594 |   0.841947 |   0.807942 |
|    45 |   0.116282 |   0.855012 |   0.136295 |   0.825376 |   0.841540 |   0.809822 |
|    46 |   0.116898 |   0.855223 |   0.135889 |   0.825013 |   0.817774 |   0.832382 |
|    47 |   0.111173 |   0.860757 |   0.134751 |   0.827882 |   0.845571 |   0.810917 |
|    48 |   0.114300 |   0.856922 |   0.133481 |   0.828177 |   0.837137 |   0.819407 |
|    49 |   0.111632 |   0.860993 |   0.133691 |   0.829036 |   0.875857 |   0.786966 |
|    50 |   0.115625 |   0.854466 |   0.136362 |   0.824659 |   0.839282 |   0.810536 |
|    51 |   0.111776 |   0.860012 |   0.136020 |   0.826578 |   0.821971 |   0.831238 |
|    52 |   0.111183 |   0.860405 |   0.136612 |   0.824748 |   0.830552 |   0.819026 |
|    53 |   0.109695 |   0.861532 |   0.137156 |   0.823504 |   0.830377 |   0.816744 |
|    54 |   0.110396 |   0.861825 |   0.135672 |   0.825177 |   0.856237 |   0.796291 |
|    55 |   0.105141 |   0.867336 |   0.141465 |   0.820018 |   0.875087 |   0.771469 |
|    56 |   0.103394 |   0.870381 |   0.131783 |   0.829531 |   0.831526 |   0.827545 |
|    57 |   0.102866 |   0.870762 |   0.133139 |   0.828639 |   0.839047 |   0.818487 |
|    58 |   0.100876 |   0.873180 |   0.131684 |   0.829502 |   0.841063 |   0.818255 |
|    59 |   0.100353 |   0.873353 |   0.132497 |   0.828429 |   0.836679 |   0.820339 |
|    60 |   0.099494 |   0.874692 |   0.131830 |   0.828496 |   0.837180 |   0.819992 |
|    61 |   0.098184 |   0.875933 |   0.129863 |   0.831191 |   0.843126 |   0.819588 |
|    62 |   0.097771 |   0.876996 |   0.132215 |   0.828636 |   0.837604 |   0.819858 |
|    63 |   0.096509 |   0.878631 |   0.129456 |   0.832206 |   0.839886 |   0.824666 |
|    64 |   0.097664 |   0.876950 |   0.133329 |   0.827861 |   0.854120 |   0.803169 |
|    65 |   0.097657 |   0.876931 |   0.130186 |   0.830777 |   0.852715 |   0.809940 |
|    66 |   0.094796 |   0.880887 |   0.131896 |   0.829902 |   0.840870 |   0.819216 |
|    67 |   0.096551 |   0.877947 |   0.132560 |   0.828334 |   0.823847 |   0.832871 |
|    68 |   0.095223 |   0.880116 |   0.125608 |   0.836678 |   0.844686 |   0.828821 |
|    69 |   0.094516 |   0.880928 |   0.130416 |   0.830093 |   0.820751 |   0.839650 |
|    70 |   0.095639 |   0.879558 |   0.127390 |   0.834214 |   0.842521 |   0.826069 |
|    71 |   0.093931 |   0.881310 |   0.129972 |   0.830700 |   0.841687 |   0.819996 |
|    72 |   0.090510 |   0.885449 |   0.127486 |   0.833899 |   0.865364 |   0.804642 |
|    73 |   0.091158 |   0.884291 |   0.126431 |   0.835717 |   0.844521 |   0.827096 |
|    74 |   0.090085 |   0.886609 |   0.133031 |   0.827953 |   0.825100 |   0.830826 |
|    75 |   0.089885 |   0.886539 |   0.127622 |   0.834106 |   0.848534 |   0.820160 |
|    76 |   0.087604 |   0.888972 |   0.123484 |   0.839222 |   0.849239 |   0.829439 |
|    77 |   0.088191 |   0.888051 |   0.126737 |   0.835064 |   0.838909 |   0.831254 |
|    78 |   0.087740 |   0.889095 |   0.126742 |   0.835102 |   0.847724 |   0.822851 |
|    79 |   0.087206 |   0.889051 |   0.127554 |   0.833647 |   0.838863 |   0.828495 |
|    80 |   0.088568 |   0.887520 |   0.127949 |   0.833222 |   0.851532 |   0.815683 |
+-------+------------+------------+------------+------------+------------+------------+

Best Performance Summary:
- Best Dice: 0.8392 at epoch 76
- Corresponding Precision: 0.8492
- Corresponding Recall: 0.8294
- Lesion Recall: 0.9543

============================================================



============================================================
| SEMANTICFPN RESULTS
| Generated at: 2025-07-15 18:11:22
============================================================

Final Validation Metrics:
+-----------------+----------+----------+-----------------+
| Metric          | Value    | Metric   | Value           |
+-----------------+----------+----------+-----------------+
| Dice            | 0.864424 | Precision | 0.895315 |
| Recall          | 0.835594 | LesionRec | 0.969565 |
+-----------------+----------+----------+-----------------+

Epoch-wise Performance:
+-------+------------+------------+------------+------------+------------+------------+
| Epoch | Train Loss | Train Dice | Val Loss   | Val Dice   | Val Prec   | Val Rec    |
+-------+------------+------------+------------+------------+------------+------------+
|     1 |   0.674725 |   0.263193 |   0.650153 |   0.524791 |   0.374706 |   0.875443 |
|     2 |   0.640672 |   0.588323 |   0.632584 |   0.640825 |   0.493764 |   0.912644 |
|     3 |   0.626195 |   0.658662 |   0.621889 |   0.692965 |   0.562541 |   0.902119 |
|     4 |   0.613509 |   0.687703 |   0.608008 |   0.765797 |   0.675652 |   0.883701 |
|     5 |   0.599254 |   0.716786 |   0.595103 |   0.708955 |   0.572335 |   0.931251 |
|     6 |   0.582621 |   0.741020 |   0.582684 |   0.720742 |   0.588762 |   0.928987 |
|     7 |   0.562294 |   0.762600 |   0.553359 |   0.771329 |   0.675189 |   0.899394 |
|     8 |   0.541903 |   0.773748 |   0.534230 |   0.768350 |   0.660431 |   0.918429 |
|     9 |   0.513610 |   0.795579 |   0.508399 |   0.739134 |   0.612508 |   0.931760 |
|    10 |   0.483194 |   0.802216 |   0.475581 |   0.784776 |   0.701234 |   0.890917 |
|    11 |   0.446592 |   0.820686 |   0.446156 |   0.779258 |   0.685434 |   0.902842 |
|    12 |   0.407748 |   0.836783 |   0.400910 |   0.785100 |   0.682035 |   0.924860 |
|    13 |   0.368194 |   0.847880 |   0.370050 |   0.812357 |   0.774020 |   0.854690 |
|    14 |   0.332238 |   0.851850 |   0.323900 |   0.819894 |   0.770129 |   0.876534 |
|    15 |   0.291921 |   0.860598 |   0.290933 |   0.835211 |   0.809156 |   0.863001 |
|    16 |   0.260722 |   0.868243 |   0.262781 |   0.827666 |   0.776491 |   0.886064 |
|    17 |   0.231629 |   0.877816 |   0.243418 |   0.828612 |   0.812860 |   0.844986 |
|    18 |   0.210248 |   0.880523 |   0.223560 |   0.831726 |   0.794298 |   0.872856 |
|    19 |   0.193374 |   0.879271 |   0.201469 |   0.842267 |   0.819425 |   0.866419 |
|    20 |   0.174635 |   0.888909 |   0.195771 |   0.835627 |   0.836284 |   0.834970 |
|    21 |   0.161347 |   0.891777 |   0.183895 |   0.841223 |   0.815749 |   0.868339 |
|    22 |   0.151286 |   0.890590 |   0.177930 |   0.835058 |   0.899630 |   0.779134 |
|    23 |   0.140343 |   0.894922 |   0.165101 |   0.840192 |   0.824804 |   0.856165 |
|    24 |   0.130061 |   0.899365 |   0.155243 |   0.848495 |   0.856278 |   0.840852 |
|    25 |   0.121518 |   0.904055 |   0.155981 |   0.842672 |   0.850557 |   0.834932 |
|    26 |   0.119893 |   0.899945 |   0.153789 |   0.839049 |   0.804667 |   0.876501 |
|    27 |   0.110427 |   0.906343 |   0.142354 |   0.851441 |   0.861947 |   0.841188 |
|    28 |   0.106564 |   0.908051 |   0.142143 |   0.851115 |   0.840415 |   0.862091 |
|    29 |   0.104226 |   0.906925 |   0.145225 |   0.840725 |   0.823982 |   0.858162 |
|    30 |   0.101427 |   0.906458 |   0.134695 |   0.852535 |   0.877869 |   0.828622 |
|    31 |   0.094520 |   0.912488 |   0.127766 |   0.857977 |   0.856254 |   0.859708 |
|    32 |   0.093021 |   0.911605 |   0.135890 |   0.846027 |   0.829141 |   0.863615 |
|    33 |   0.088721 |   0.913950 |   0.124109 |   0.859513 |   0.874511 |   0.845022 |
|    34 |   0.085494 |   0.915456 |   0.127728 |   0.850831 |   0.877666 |   0.825588 |
|    35 |   0.082708 |   0.918123 |   0.123640 |   0.855992 |   0.857357 |   0.854632 |
|    36 |   0.081708 |   0.917262 |   0.126454 |   0.850121 |   0.896771 |   0.808084 |
|    37 |   0.078556 |   0.919685 |   0.122099 |   0.855523 |   0.866293 |   0.845018 |
|    38 |   0.075147 |   0.923346 |   0.122976 |   0.852934 |   0.879117 |   0.828265 |
|    39 |   0.076359 |   0.920100 |   0.124544 |   0.851021 |   0.856292 |   0.845815 |
|    40 |   0.071784 |   0.925303 |   0.117542 |   0.857979 |   0.867315 |   0.848841 |
|    41 |   0.069188 |   0.928427 |   0.118555 |   0.856558 |   0.873715 |   0.840061 |
|    42 |   0.067206 |   0.929839 |   0.118193 |   0.856601 |   0.870277 |   0.843348 |
|    43 |   0.065425 |   0.931234 |   0.117367 |   0.856788 |   0.875044 |   0.839278 |
|    44 |   0.065098 |   0.931822 |   0.116792 |   0.857895 |   0.887828 |   0.829914 |
|    45 |   0.062448 |   0.934881 |   0.114803 |   0.860957 |   0.869422 |   0.852655 |
|    46 |   0.062525 |   0.934051 |   0.114262 |   0.860057 |   0.884334 |   0.837076 |
|    47 |   0.061969 |   0.934290 |   0.112952 |   0.860290 |   0.875524 |   0.845576 |
|    48 |   0.060980 |   0.934938 |   0.114031 |   0.858441 |   0.886056 |   0.832496 |
|    49 |   0.061715 |   0.933538 |   0.114728 |   0.858910 |   0.862054 |   0.855789 |
|    50 |   0.059872 |   0.935557 |   0.112406 |   0.860850 |   0.872661 |   0.849354 |
|    51 |   0.057879 |   0.937565 |   0.110718 |   0.862809 |   0.896749 |   0.831345 |
|    52 |   0.057454 |   0.937708 |   0.110781 |   0.862513 |   0.886598 |   0.839702 |
|    53 |   0.056555 |   0.938393 |   0.111101 |   0.862543 |   0.876078 |   0.849420 |
|    54 |   0.055441 |   0.939650 |   0.112197 |   0.860386 |   0.886751 |   0.835542 |
|    55 |   0.055057 |   0.939964 |   0.109075 |   0.864952 |   0.879872 |   0.850531 |
|    56 |   0.054912 |   0.939584 |   0.109665 |   0.864111 |   0.881674 |   0.847234 |
|    57 |   0.054058 |   0.940243 |   0.108644 |   0.865012 |   0.882245 |   0.848440 |
|    58 |   0.053933 |   0.940683 |   0.108611 |   0.864892 |   0.866566 |   0.863223 |
|    59 |   0.052762 |   0.941394 |   0.111238 |   0.861232 |   0.880913 |   0.842412 |
|    60 |   0.052543 |   0.941204 |   0.107883 |   0.864882 |   0.882503 |   0.847951 |
|    61 |   0.052233 |   0.941331 |   0.109186 |   0.862860 |   0.879881 |   0.846484 |
|    62 |   0.050924 |   0.942902 |   0.108974 |   0.863516 |   0.881443 |   0.846304 |
|    63 |   0.051752 |   0.942118 |   0.112792 |   0.858144 |   0.898268 |   0.821450 |
|    64 |   0.049464 |   0.944360 |   0.108079 |   0.864244 |   0.891873 |   0.838275 |
|    65 |   0.048620 |   0.945236 |   0.107601 |   0.864936 |   0.890168 |   0.841095 |
|    66 |   0.048555 |   0.945867 |   0.107941 |   0.864278 |   0.890540 |   0.839521 |
|    67 |   0.048559 |   0.945637 |   0.107948 |   0.864121 |   0.891579 |   0.838305 |
|    68 |   0.047301 |   0.946801 |   0.106781 |   0.865744 |   0.889576 |   0.843156 |
|    69 |   0.047031 |   0.946984 |   0.107333 |   0.864861 |   0.884146 |   0.846399 |
|    70 |   0.046868 |   0.947121 |   0.106551 |   0.865808 |   0.889765 |   0.843108 |
|    71 |   0.046351 |   0.947762 |   0.107063 |   0.865267 |   0.892477 |   0.839666 |
|    72 |   0.046470 |   0.947936 |   0.107594 |   0.864361 |   0.894467 |   0.836216 |
|    73 |   0.046456 |   0.947838 |   0.107251 |   0.864903 |   0.886583 |   0.844259 |
|    74 |   0.045256 |   0.949288 |   0.107315 |   0.864698 |   0.891226 |   0.839704 |
|    75 |   0.045466 |   0.948677 |   0.107067 |   0.865160 |   0.889299 |   0.842297 |
|    76 |   0.045653 |   0.948609 |   0.107293 |   0.864856 |   0.893913 |   0.837629 |
|    77 |   0.044867 |   0.949541 |   0.106811 |   0.865580 |   0.890391 |   0.842114 |
|    78 |   0.044568 |   0.950291 |   0.107035 |   0.865268 |   0.891301 |   0.840713 |
|    79 |   0.044308 |   0.950102 |   0.107068 |   0.865131 |   0.890969 |   0.840749 |
|    80 |   0.044248 |   0.950062 |   0.107581 |   0.864424 |   0.895315 |   0.835594 |
+-------+------------+------------+------------+------------+------------+------------+

Best Performance Summary:
- Best Dice: 0.8658 at epoch 70
- Corresponding Precision: 0.8898
- Corresponding Recall: 0.8431
- Lesion Recall: 0.9696

============================================================



===== Final Test Results =====

U-Net:
  Dice: 0.8406
  Precision: 0.8620
  Recall: 0.8202
  Lesion Recall: 0.9544


================================================================================
INFERENCE TIME COMPARISON
Tested on 100 images
================================================================================

+--------------+----------------+----------------+----------------+
| Model        | Avg Time (ms)  | FPS            | Total Time (s) |
+--------------+----------------+----------------+----------------+
| U-Net        |          6.301 |         158.69 |          0.630 |
+--------------+----------------+----------------+----------------+

Fastest model: U-Net (6.30 ms/image)

SemanticFPN:
  Dice: 0.8599
  Precision: 0.8830
  Recall: 0.8380
  Lesion Recall: 0.9696


================================================================================
INFERENCE TIME COMPARISON
Tested on 100 images
================================================================================

+--------------+----------------+----------------+----------------+
| Model        | Avg Time (ms)  | FPS            | Total Time (s) |
+--------------+----------------+----------------+----------------+
| SemanticFPN  |         11.153 |          89.66 |          1.115 |
+--------------+----------------+----------------+----------------+

Fastest model: SemanticFPN (11.15 ms/image)
